0 19 11 21 8 22 7
1 0 6 11 21 3 14 8 20 1
2 19 22 11 10
3 22 20 7 11 5 21
4 10 13 11 19 20 6
5 11 8 6 19 21
6 22 13 10 7 21 5
7 20
8 8 10 7
9 2 8 5 19 22 3
10 6 19 5 22 21 11
11 11 10 7 8 14 21
12 14 18 13
13 7 21 19
14 7 20 14 10 21 13
15 7 20 6
16 10 11 19
17 22 5 21 19 11 7
18 20 8 21 0 7 2
19 20 21 19
20 19 20 6 5
21 14 17
22 21
23 11 5 7 8 20 6
24 19 11 20 21 10 8
25 19 21 5 7
26 21 19
27 21 11 14 22 8 7
28 6 3 2 21
29 20
30 11 13 19 6 21 22
31 13 14
32 3 6 20 21 5 2
33 11 22 19 20 21 8
34 6 20 3 5 0 21
35 21 20
36 10 11 5 6 19 8
37 5 20 6 7 21 13
38 21 8 10 20 11 13 19 7
39 19 8 22 7 10 21
40 2 13 22 10 21 11 6 3
41 7 6 2 5 20 10 11 3 8
42 14 5 11 20 10 21
43 11 19 21 20 14 22
44 11 10 22 19 7 20
45 7 10 21 19
46 5 10 21 19 22 7
47 22 20 10 21
48 18 7 14
49 14 8 21 19 0 1 6 2 11
50 19 21 1
51 19 22 11
52 11 14 21
53 7 8 20
54 8 11 6 22 5 19
55 22 20 21
56 21 20 13 11 10 8
57 21
58 5 20 2 21 6 7
59 13 19 14 5 11 22
60 20 21 6 3 19 5
61 22 7 1 2 11 10 6 5
62 8 22 11 20
63 22 19 8 10 5 11
64 22 5 21 19
65 1 2 3 10 5 20 21 0
66 21 20 22 5 14 7
67 11 14 21 8 13 5
68 20 13 11
69 11 21 10
70 2 6 19 8 5 3 11 10
71 11 21 19 10 20 7
72 11 22 14 10 21 13
73 14 10 6 18
74 19
75 6 7 8 21 5 20
76 19
77 20
78 10 20 7 19 21
79 22 7 19 8
80 7 10 19
82 19 10 21
83 17 13
84 20 8 21
85 20
86 5 22 10 21 7 11
87 10 8 5 21 3 20
88 3 19 20
89 10 6 22 2 13 14 20 19
90 8 22 20 6
91 20 19 10 11 6 22
92 20 19 21 6
93 21 5 7 22
95 13 20 19 14 10 6
96 20
97 20 6 5 11 8 22
98 19 21 7 20 10 6
99 19 11 7 10 5 20
100 19 6 10 20 11 14
101 21 13 22 20 8 19
102 21 5 8 20 22 2
103 20 22 21
104 17 14
105 11 10 14
106 19 7 3
107 6 21 2 19 20 5
108 8 21 19 2 3 6
109 19 11 20
110 13 14 19
111 8 17
112 14 13 17
113 19 5 20
114 10 11 22
115 20
116 10 22 19 8
117 13 14 7 16 8
118 7 2 5 21 8 19
119 20 11 7 6 19 21
120 21 8 7
121 18 14 10
122 20
123 11 19 20 21 5 6
124 20 6 21 10 5 22
125 19 21
126 11 20 21
127 11 10 13
128 21 11 6 22 8 5
129 22 20 21
130 19
131 10 22 11 3 2 6
132 19 20 10 6 11 5
134 21 5 14 20 7 19
135 5 21 6 19 20 7
136 21
137 10 19 22 6 21 20
138 14 10 8 11 7 21
139 22 10 14 11 8 13
140 19 11 7 20 21 10
141 21 22
142 7 20 21 22 5 11
143 7 6 21 11 20
144 22 21 7 11 20 14
145 21
146 2 19 21 8 6 22
147 21 10 22
148 20 19 8
149 19 22 20
150 21 20 19
151 14 7 20 13 21 8
152 10 6 19 14 13 20
153 19
154 8 5 11 22 6 10
155 18 8 7 10
156 19
157 22 11 19 5 8 21
159 20 22
160 19
161 10 19 20 11
162 20
163 21 19
164 22 5 21 19 2 6
165 8 11 6 19 21 5
166 14 18
167 10 7 11 20
168 11 19 10
169 21 8 7
170 20 19 8 11 22 10
171 16
172 7 6 8
173 21
174 8 20 5 10 7 6
175 17 8 14
176 17 13
177 19
178 8 10 22 21
179 11 17 13 8
180 19 20 10 21 11
181 21 11 13 10 19
182 19 21 20
183 22 14 7 21 10
184 7 17
185 20 3 8 6 5 19
186 20 13 11 7 10 21
187 22 5 6
189 14 20 21 19 5 11
190 7 19 10 8 20 21
192 10 8 20 14 13 19
193 21 10 20
194 22 5 19 20
195 20 19
196 10 14 22 11 21 6
197 11 14 20 19 8 10
198 18 13 8 11
199 18 14
200 7 13 6 19 5 11
201 20 10 19 21 6 22
202 21
203 14 11 21 19 22 20
204 5 20 10 6 8 13
206 17
207 21 8 7 19 13 10
208 20 11 8 10
210 11 20 19
211 19 11 22
213 6 5 22 11 8 21
214 19 7 14 10 21 20
215 22 13 21 8 19 20
216 8 21 20 11 22 6
218 10 22 19
219 2 3 6 20 8
220 21 8 20 10 6 13
221 14 8 21 13 22 6
222 19
223 22 21 8 19 11 10
224 22 21 7 10
225 13 22 10 7 8 20
226 7 6 19 21
228 22 20 11 10 8 13
229 20 19 11 6 21
230 5 13 11 14 10 19
231 8 7 21
232 5 3 21 8 0 19 22 10 11
233 19
234 20 13 6 8 14 5
235 3 20 2 10 13 5 14 22 11
236 7 14 13 8 19 21
237 10 21 6 19 22 20
238 14 13 21 11 10 22
239 10 14 7 13 11 20
240 8 3 21 22 7 2
241 2 20 13 3 10 6 14 22
242 19 22
243 7 14 21 13 20 22
244 13 11 10 19 6 21
245 22 21 2 20
246 21 20 22 6
247 21 20 8 7
248 22 13 7 10 19 8
249 11 10 20
250 7 8 11 19 10 20
251 11 7 20 21 6
252 17 8 14 10
253 19 7 11 14 13 22
254 22 2 6 21
255 19 8 20 11
256 3 22 20 2 6 21
257 7 21 20
258 20
259 8 18 17 7
260 8 19 21 2 6 7
261 5 22 8 3 19 6
262 11 7 21
263 20
264 7 5 19 22 21 10
265 17 10
266 13 14
267 20 14 5 7 22 21
268 21 11 19
269 10 22 8 14 21 7
270 6 19 20
271 19 7 22 21 10 11
272 22 20 10
273 20 1 2
274 21 6 19 10 20 3
275 7 5 10 11 20 19
276 7 20 8 21
277 21 7 22 10 11 20
278 21 7 20 2 5 6
279 19
280 11 19 20
281 22 21 5 6
282 7 14 20 5 10 6
283 20 19 6 14 21 22
284 19 10 20
285 20 6 7 8 21 3
286 14 8 22 19 11 13
287 3 19 1
288 17 13
289 7 21 13 20 22 6
290 5 21 6 22
291 14 11 13
292 5 22 6 3 21 7
293 10 6 20 19 11
294 7 22 8 21 20 19
295 8 11 10
296 19
297 21 20 1 2
298 19 22 8 13 21 20
299 22 11 20 7 21
300 22 6 21
301 21
302 2 6 3 5 19
303 21 20 19
304 22 2 20
305 21 22 10 19
306 21
307 20 14 8 21 19 11
308 7 11 6 21 8 20
309 21 20 7
310 21 19 11 8 10 22
311 19 20 22
312 20
313 20 22 21
314 21
315 20
316 22 2 7 21 19 3
317 17 18
318 2 10 3 20 6 13 1
319 19 21 11 7
320 19
321 11 19 21
322 22 21
323 0 8 20 2 10 21 19
324 6 7 5 20 22 11
325 13 10 6 7 21 20
326 10 6 14 20 13 11
327 20 19 11
328 19
329 21
330 20 7 22 13 11 19
331 20
332 8 11 7 19 10 21
333 22 19 8 6 7 20
334 21 20 5 2 22 8
335 18 13
336 10 8 11
337 8 5 11 19 7 10
338 20
339 8 22 5 11 10 19
340 22 20 10 8 11 7
341 6 21 5
342 7 13 8 6 21 20
343 11 6 13 8 19 10
344 19 10 7 20 22 14
345 8 11 7 10 20 19
346 0 21 20
347 11 8 5 7 20 10
349 14 5 7 20 22 21
350 20 13 14 22 7 21
351 6 22 19 10 20 5
352 22 21 10 11 8 19
353 7 10 11 21 20
354 11 8 20 10 5 6
355 20 19 21
356 19
357 10 14 19 8 13 6
358 22 19 21
359 19 20 11
361 5 21 3 19 22 2
362 7 8 19 22 2 5
363 22 3 2 21 7 8
364 19 21
365 21 8 11 10
366 5 8 3 6 22 19
367 19 20 8 6
368 5 11 7 20 3 22
369 19 10 20 22 5 11
370 8 11 5 20 22 6
371 19 6 11 20 5 8
372 7 22 5 8 11 19
373 20 14 10 7 8 22
374 19
375 14 21 8 22 11 20
376 19 6 10 14 21 20
377 8 19 7
378 19 22 8 14 21 13
379 7 19 21 13 20 11
380 21 20 19
381 19 22 6
382 7 10 19 6 11 13
383 19 22 6 11 14 13
384 21 22
385 21 6 10 20 7 11
386 7 11 21 19 22 10
387 13 18
388 8 10 20 21 19 13
389 20 10 11
390 20 10 11
391 14 13
393 3 0 21
394 5 19 22 7
395 18 14 13 11
396 21
397 20 22 8 7 19
398 14 19 20 22
399 19 22 10 20
400 20 7 8 5 2
401 21
402 21 7 8 20 13 11
403 18 14 16
404 10 6 20 14 5 7
405 21 22 3 6 7 19
406 11 20 6 21 7 14
407 19 6 5 13 22 8 21 1
408 11 20 10
409 19 21 20
410 20 19 21 22 8 6
411 6 21 11 7 22 10
412 19 13 8 14 11 21
413 21
414 21 8 19
415 14 13
416 21
417 20 22 21 19 6 5
418 7 6 11 8 10 19
419 10 19 21
420 5 8 21 20 7 22
421 13 20 22 10 21 8
422 21
423 17 13
424 22 19 8 10 5 20
425 7 10 11 22 8 13
426 8 21 22 7 10 13
427 11 7 20 13 22 8
428 13 14 19 2 6 8 20 11
429 21 19
430 20
431 8 5 11 21 22 19
432 20
433 8 19 22
434 7 18 5 14 10 11
435 7 19 8 20
437 5 7 22 20 19 6
438 21 8 7 10 11 20
439 13 20 11 19 7 14
440 11 22 21
441 22 19 5 7 11 20
442 21 5 19
443 20 6 1 19
444 14 19 7 21 13 6
445 5 19 3 21
446 5 19 8 6 10 22
447 21 22 20
448 19 20
449 7 20 8 22 5 10
450 21 20 19
451 21 20 19 22
452 1 20 2
453 21 7 20
454 3 20 0
455 19 21 10
456 7 19 21 22 6 20
457 10 14 19 21 8
458 14 21 22 10 13 8
459 8 7 14 22 11 21
460 22 19 6 21 5 8
461 22 8 11 13 21 20
462 19 7 5 22 8 10
463 6 5 19 22
464 7 10 11 20 8 21
465 14 11 2 1 21 5 3 0
466 7 3 6 5 21
467 11 10 14 18
468 19 5 21 6 20 11
469 21 20 19
470 22 10 21 20
471 20 0 21 6 1
472 18 14 13
473 19 20 7 22
474 10 21 8 20
475 19 8 2 21 3 0
476 8 7 21 19 10 13
477 22 7 11 10 8 5
478 14 7 20 10 11 21
479 19
481 5 21 22 20 11 8
482 5 14 6 11 10 20
483 21 10 13 6 5 20
484 8 19 10
485 1 21 2 7 11 6 5 20 14
486 8 13 6 18 14 7
487 19 6 2 20
488 19 14 21 7 22 10
489 19 13 7 6 8 5
490 20 19 7 8 10 14
491 21 7 22 13 10 8
492 11 19 21
493 14 17 13 10
494 21
495 8 7 19 20
496 20 11 21
497 5 22 2 6 7 21
498 20 6 10 21 11
499 21 20 22
500 20
501 6 7 5 11 20 19
502 19 22 10
503 22 21
504 10 21 19
505 7 20 22 11
506 13 7 21 11 22 6
508 20 11 6 10 7 21
509 6 13 7 21 20 11
510 20 21
511 20 1 0
512 20
513 14 19 11 13
514 5 7 21 14 8 6
515 2 19 3
516 10 21 11
517 8 20 14 22 7 10
518 21 19 7 11
520 19 22
521 19 8 20 21 0 2
522 7 21 14 11 22 8 2 19
523 18
524 21 11 19
525 19 5 21 3
526 19
527 20
528 6 13 22 5 7 21
529 6 13 21 8 14 11
530 11 19 20
531 7 8 20 2 3 19
532 8 7 19
533 6 5 21
534 1 21 13 20 6 2 0 10 5
535 21 22 11 10
536 5 6 7 21 13 10
537 7 19 21 10 14 20
538 20 11 21
539 10 20 7 8 22 11
540 14 7 21 19 20 13
541 11 7 5 19 20 8
542 0 21 20
543 21 10 20 8 11 14
544 13 7 14 20 6 21
545 18 17 5 14 13 16
546 21 19 0
547 20
548 10 14 21 8 22 19
549 8 21 20
550 6 21 22 11 20 7
551 19 14 11
552 19 8 21 10 20 6
553 19
554 5 7 19 22 3 6
555 19 20 1
556 8 7 21
557 11 21 10
558 20 19 2 3
559 19 20 5
560 22 20
561 8 1 20 3 21 7 0
562 11 10 5 20 21
563 3 20 7 19
564 22 13 14 11 10 7
565 10 20 11 22 19 3
566 22 19 20 7
567 19 21 20
568 14 10 13 11 19 7
569 19
570 20 11 5 14 7 8
571 20
572 19 20 5
573 11 20 21
574 10 22 20 5 21 8
575 19 7 8
576 10 8 7 19 21 11
577 13 20 14 8 19 22
578 13 22 21 10 8 20
579 6 3 7 8 21 5
580 21 1 19
582 13 22 21 19 10 14
583 5 20 22 2 3 7
584 19
585 19 11 22
586 14 22 20 19 5 7
587 5 14 21 19 7 20
588 5 20 21 3 2 6
589 20 21 5
590 19 10 11
591 10 11 21
593 6 22 2 20 19 21
594 8 22 19 11 10 6
595 20 11 21
596 20
597 8 19 21 22 10 7
598 22 20
599 21
600 5 8 6 19
601 10 20 14 22 6 5
602 20 6 22 19
603 22 20 10 21
604 22 21 8 10 7 11
605 14 19 20
606 20 7 3 5 21 22
607 20 5 7 3 8 22
608 10 7 19 22 14 8
609 7 8 19 22 13 21
610 19
611 21
612 21 22
613 21
614 21 7 22
615 20
616 20
617 19 21 11
618 13 11 14 10 21 20
619 14 18
620 14 11 6 20 5 7
621 8 11 20 7
622 8 19 7
623 7 8 19
624 20
625 19
626 21 20
627 21 8 11 7 20 10
628 11 20 8
629 22 20 10
630 13 21 14
631 19 20 14 5 7 6
632 8 22 13 7 14 11
633 14 11 5 6 21 13
634 14 10 13
635 11 8 6 10 7 21
636 8 10 19 20
637 14 7 13 20 11 22
638 18 14
639 6 20 21 10 5 19
640 7 22 19 10 8 20
641 19 7 6 11 5 10
642 19 7 20
643 8 3 21 2 20
644 20 0 21
645 7 8 5
646 11 21 2 20 7 10 8 22 0
647 21
648 11 7 19 20 6 21
649 11 7 19 21 20 10
650 8 22 19 11 20 21
651 7 19 11 22 14 20
652 22 7 6 20 13 5
653 2 19 3
654 11 19 21
655 19
656 20 19 8 22 11 7
657 22 20 11
658 20 8 11 22
659 19
660 21 19 20 22 14 10 1 5
661 6 20 22 7
662 11 20 13 19 14 7
663 5 14 21 20 13 8
664 21 3 20
665 6 2 21 3 7 5
666 11 20 21
667 20
669 10 11 22 19 20 7
670 21 19 20
671 10 21 11 8
672 20 7 22 11
673 20
674 20 2 5 3 7 19 1
675 2 5 21 8 20 3
676 18 13
677 21
678 20 14 7 19 22 8
679 8 20 7
680 7 19 20
681 13 10 11 14 8 19
682 5 7 21 8 20 11
683 18 13
684 18 14
685 11 8 10 7 21 19
686 11 10 13 18
687 19
688 21 22 8 20
689 21
690 19 7 10 11 13 20
692 20 7 19 22 11 14
693 13 20 11 7 22 19
694 5 10 13 6 11 22
695 13 14
696 19 14 5 10 20 13
697 5 14 21 10 6 8
698 10 21 20
699 10 2 20 3 7 13 11 21 14
700 8 5 7 14 13 22 19 11 6
701 19
702 6 11 5 10 22 7
703 10 19 21
704 8 21 19 22 6 10
705 7 21 8 22 19 6
706 19 8 21 13 5 7
707 8 21 20 6
708 8 11 21 20 10 14
709 13 20 7 21 11 22
710 21 5 19
711 21 19 13 14 8 10
713 22 6 7 20 13 8
714 7 2 11 8 5 3
715 6 19 8 5
716 11 20 8
717 21 19 22
718 8 20 19 13 10 22
719 22 7 8
720 22 19
721 8 20 7 11 14
722 20 13 19 5 6 8
723 5 21 19
724 20
725 2 21 13 19 10 8 11 0 20
726 6 2 8 19 22 3
728 21 11 19
729 3 22 8 20 6 7
730 5 10 6 21 22 11
731 7 22 8 19
732 8 14 6 11 19 22
733 11 20 19
734 22 7 8 20 19 5
735 20 7 19 11
736 6 17 13 7
737 19 8 7 20
738 10 19 13 14 21 11
740 5 19 2 22 21 10
741 22 5 20 6 8 10
742 13 17 11
743 22 5 21 7 19 2
744 21 20 1
745 21 20 19
746 21 8 7 13 10 22
747 10 19 6 7 11 8
749 19 20 11
750 19 22 2 7 21 6
751 8 20 21 22
752 5 3 6 22
753 11 13 10 8 19 22
754 1 6 7 21 11 22 3 5
755 21 20 14 7 19 8
756 19 5 22 7 20 11
757 10 19 8 7
758 17 18
759 19 13 7 21 14 8
760 20 19
761 20
762 19 14 8 21 22 7
763 21 19 20 0
764 7 19 22 11
765 21
766 19
767 10 6 8 21 20 5
768 22 5 20 19
769 19 3 7 6 20
770 18 11 17
771 22 8 11 13 20 7
772 20
773 0 3 11 6 14 2 13 5
774 21 7 10 20 6 13
775 22 11 20
776 20 8 21 19 22 11
777 21
778 20 21
779 20
780 11 21 22
781 19 21 11
782 14 10 7 19 21 11
783 21 22 20
784 19
785 21 10 19 14 11
786 22 8 21 6
787 19
788 2 22 20
789 20 1 19
790 0 6 5 19 10 14 1 22
791 11 10 21
792 14 13 17
793 11 10 20 5 7 19
794 7 19 8
795 10 13 20 21 8 14
796 21 8 7
797 21 11 10
798 8 7 19 10 2 11 0
799 19
800 10 19 7 8
801 22 11 6 7 8 10
802 20 21
803 20 19 21 10
804 19 10 11
805 18 17
806 14 17 7
807 20 5 19 7 10 21
808 19
809 19 20 22 7 3 21
810 10 18 17
811 19 20 6 3 22 2
812 7 21 20
813 20
814 7 21 8 20
815 7 8 10
816 7 14 20 6 10 19
817 20 21 1
818 19 6 21 5 11 22
819 14 20 21 10 7 8
820 11 19 10
821 19
822 22 8 11 20 6 10
823 20 7 11
824 0 1 19
825 20 2 21
826 19 21 11
827 6 13 8 19 20 22
828 19
829 5 21 3 20 14 7 8 13 19
830 11 21 20
831 20 22
833 20 19 22
834 20
835 8 7 22 6 10 11
836 22 19 20
837 19 22 21
838 5 21 11 7 20 13
839 18 17 14
840 6 10 3 5 7 8
841 21
842 19 10 20 6 8 5
843 19 8 6 20 21 5
844 5 11 20 22 19 6
845 7 19 10
846 14 17
848 21 10 22 7
849 10 19 11
850 8 19 11 14 10 7
851 21 14 19 20
852 21 22 8
853 21
854 21 6 5 7
855 1 3 5 13 6 0 10 11
856 20 22 19
857 8 19 20
859 11 8 21 22
860 13 20 14 22 19 11
861 2 22 3 5 20 21
862 17 13
863 20 19 11
864 19 22 7 6 11 21
865 21 19 13 22 11 10
866 19 14 11 21 10 7
867 19 7 20 8 5 10
868 7 19 21 11 8 14
870 19 10 20
871 10 19 14 13 11 22
872 21 14 20 11 8 22
873 20 22 13 5 11 8
874 10 8 22 7 20 21
875 5 21 20 19
876 7 6 20 14 10 8
877 13 5 22 14 6 11
878 21
879 5 22 6 19 11 10
880 19
881 20 10 11 8
882 10 21 19 22
883 21 20 19 5 11 6
884 22 7 10 19 8 11
885 1 19 22
886 3 2 5 22 6 21
887 11 20 10
888 8 22 7 19 11 6
889 22 10 7 8 19 11
890 5 7 20 6
891 22 6 21
892 10 7 20 21 6
893 8 5 7 6 20 2
894 19
895 20 2 7 11 22 8
896 10 21 20
897 5 7 8 2 6 21
898 21 20 19
899 21 19 20 5
900 11 8 22 19 21 20
901 20
902 8 20 5 21 10 19
903 17
904 19
905 13 17
906 13 10 11
907 21 19 8 13 14 10
908 10 22 20 5 21 8
909 19
910 19 20 21
911 20 10 19
912 11 19 10
913 10 14 17
914 14 18 17
915 21 19 10
916 19 20 11
917 11 21 19 6 5 13
918 18 13
919 20
920 7 14 8 20 21 22
921 17 13
922 7 10 20 8 11 21
923 11 20 10
924 21 20 10
925 10 20 13 11 22 8
926 20 7 6 5
927 7 6 2 19 22 3
928 10 8 20 7 14 11
929 7 11 19
931 8 2 19 7 21 3
932 8 13 10 20 21 14
933 8 11 19 13 10
934 19 20 11
936 19 7 8 11 6 22
937 8 10 22 11 14 21
938 7 11 14 20 10 22
939 18 14 11
940 14 19 13 6 10 11
941 20 11 7 5 8 10
942 11 14 21
943 1 0 19
944 21 11 22
945 14 11 21 20 22 19
946 7 18 8
947 21 20
948 8 19 21 11
949 19 20 21
950 19 13 10 22 21 8
951 19 10 7 5 22 11
952 20
953 19 21 1
954 5 11 20 19 8 21
955 19
956 20 8 19
957 21 19 0 20 7 5
958 19 6 5
959 13 16 6 8 17
960 14 13 21 8 19 7
961 20 10 21
962 11 21 10 22 13 14
963 5 11 20 22 19 21
964 8 19 21 14 13 6
965 10 14 21 20 11 22
966 21 20 5
967 21 10 19 11
968 22 21 11 7 19 5
970 19
971 19 11 13 14
972 22 21
973 8 0 5 1 20
974 11 19 13 22 21 8
975 19 10 14 13 22 20
976 19 10 11
977 21 11 10
978 14 20 10 22 7 8
979 10 8 11 7 13 14
980 11 10 21
981 21 19
982 22 21 11 6 7 5
983 21 22 7 3 8 5
984 20 22 19 7 21 5
985 22 21 2 0
986 14 19 20 7 8 22
987 20 14 10 6 8 13
988 21 20
989 19 21 20
990 5 11 7 10 6 21
991 19
992 7 6 19 8 22 11
993 20
994 7 14 11 10 21 22
995 18 17
996 19 13 21 6 11 22
997 21 8 22 10
998 5 7 19 8 6 20
999 10 11 22
1000 21 8 7 10 6 5
1001 20 6 22 19
1002 21 19 1
1003 1 0 21
1004 18 7 13
1006 6 8 22 20
1007 20 13 7 10 8 21
1008 22 19 8 10
1009 5 11 22 6 8 21
1010 22 20 19
1011 20 21 19
1013 7 21 8 11 19 22
1014 13 10 20 11 14 8
1015 19 11 10
1016 16 13 17
1017 22 19 8
1018 22 19 20 5 6 11
1020 14 10 21 20 19 5
1021 22 6 20 7 11 5
1022 21 8 19
1023 7 21 8 20
1024 11 8 13 7
1025 10 13 6 19 5 14
1027 20
1029 6 5 7 21 8 22
1030 21
1031 20 19 21
1032 0 21 11 3 7 19 22 6 5
1033 19
1034 7 8 22 2 6 3
1036 0 21 22 20 19 8
1037 0 6 3 21 19
1038 21 19
1039 20 7 21
1040 19
1041 10 13 20 21 19 7
1042 20 5 19
1043 21
1044 20 21
1046 13 18
1047 14 7 22 11 8 6
1049 6 7 22 14 5 8
1050 19 8 6 5 11
1051 20 22
1052 19 21 6 22 10 7
1053 20 11 21 10 5 6
1054 21 20
1055 10 5 2 19 11 13 3 21
1056 21
1057 19
1058 20 13 14 6 22 21
1059 5 21 10 11 7 6
1060 20
1061 10 20 14
1062 6 19 5 8
1063 21
1064 20
1066 18 14 10
1067 19
1068 21 19 20
1069 8 20 14 11 22 5
1070 13 18
1071 14 20 11 8 13 7
1072 20 6 11 10 19 7
1073 20
1074 8 21 7 22 10 13
1075 5 22 20 10 7 14
1076 13 19 22 7 21 20
1077 8 6 20 19 22 11
1078 20 19 22
1079 20 10 21
1080 2 1 3 6 19
1081 13 18 8 10
1082 10 8 21 7 5 11
1083 20 21 19
1084 19 21 10
1085 0 21 2
1086 19 21 8
1087 11 14 6 8 22 21
1088 7 21 8 11 6 5
1089 20 8 21
1090 21
1091 20 10 11
1092 11 19 20
1093 20 21
1094 20 22 7 2 8 19
1095 20
1096 20 19 22 7 5 11
1097 8 14 20 11 7 19
1098 11 20 7 22 21 10
1099 20 22 21
1100 13 17
1101 8 13 5 14 17 18
1102 19 6 7 5
1103 19 10 14 13 21 7 8 20
1104 8 19 2 22 3 6
1105 21 19 11
1106 14 5 6 20 22 13
1107 21 8 19 20
1108 10 21 20
1109 5 8 6 10 22 20
1110 21 10 20
1111 19 22
1112 20 6 14 19 7 22
1114 11 22 20
1116 13 8 20 6 11 5
1117 22 8 10 7
1118 7 8 20 6 11 21
1119 21 8 22 7 13 10
1120 13 14 11
1121 19 8 14 13 7 22
1122 0 21 2
1123 7 11 19 20 14 3 13 6
1124 6 7 22 2 21 20
1125 21 2 1
1126 20 10 19
1127 17 14
1128 22 10 20 0 6 7 2 19 13
1130 19 20 22
1131 8 21 7 11 6 5
1133 21
1134 13 7 11 14 21 22
1135 5 22 7 8 13 6
1136 5 22 21 14 8 7
1137 20
1138 14 19 3 5 11 6 7 13
1140 0 22 1 3 2 5
1141 21 20 8 2 6 19
1142 5 11 8 7 10 20
1144 21
1145 6 11 8 22 5 21
1146 14 18
1148 19
1149 22 8 21
1150 20 19 21 22 8 6
1151 22 8 13 19 14 20
1153 20 21 8
1154 13 10 22 21 19 11
1156 21 19
1157 19 10 22 6 8 21
1158 19 20 7 8 11 21
1159 11 10 19 21 7 6
1160 13 22 20 7 21 19
1161 20 19 22 5 21 8
1163 13 8 14 5 21 7
1164 22 8 21 7 3 19
1165 19 7 21
1166 7 19 20
1167 21
1168 20 7 22 10 8 11
1169 20 13 7 22 6 10
1170 10 21 11
1171 10 19 11 7 22 14
1172 20 5 22 19
1173 20 5 7 10 6 19
1174 8 19 7
1175 13 21 14
1176 21
1177 10 14 5 13 6 11
1178 11 7 20 8
1179 21
1180 20
1181 11 19 21
1182 21 22 10 7
1183 20 6 7 21 22 8
1184 20 14 8 22 10 21
1185 10 11 20 8
1186 5 19 10 7 14 20
1187 10 22 11
1188 11 6 13 19 22 7
1189 20 11 19
1190 14 21 19
1191 7 8 3 6 1 19 21 14 20
1192 21 10 19
1193 22 21 2
1194 10 8 21 11
1195 21 7 8 19
1196 20 21 10
1197 10 19 21
1198 21 22 19
1199 3 5 10 19 21 6
1200 21
1201 7 8 11 21 10 13
1202 20 21 14 13 11 7
1203 10 21 20 22 19 7
1204 20 21 10
1205 21 8 19
1206 5 7 8 20 21 22
1207 21
1208 21 20
1209 8 21 20
1210 8 10 21
1211 20 22 7 14 13 11
1212 13 17 10
1213 8 14 20 21 22 13
1214 19 8 21
1215 3 22 8 21 2 6
1216 21 14 8 13 11 19
1217 10 19 22 11 14 8
1218 20 10 19 11
1219 13 8 19 11 10 7
1220 10 19 21 20
1221 10 11 13 6 22 19
1222 5 21 22
1224 19 20 1
1227 20 22
1228 20
1229 10 20 22 7 6
1230 5 21 20
1231 22 5 8 20 7 10
1232 22 20 11 19 21 5
1233 6 11 13 7 20 8
1234 22 8 6 21
1235 14 17
1236 21 7 8
1237 19
1238 21
1239 7 19 20 21 10 8
1240 22 21
1241 20 22
1242 19 21 11
1243 19
1245 19 10 13 8 7 21
1246 17 13 11
1247 21 19 8
1248 21 19
1249 10 8 20 11 21 6
1250 22 19 8
1251 11 10 22 20
1252 2 7 20 22 6 3
1253 19
1254 7 19 10
1255 8 22 5 7 21 10
1256 0 1 20
1257 14 21 6 5 20 7
1258 1 19 3
1259 13 16 18
1260 8 10 11
1261 8 11 20 3 5 21
1262 7 21 22 10 13 8
1263 20
1264 10 19 21 7
1265 21 8 6 7 11 20
1267 20 19 10
1268 19
1269 21 6 8 7 19 5
1271 13 21 22 6 20 5
1272 21 19 22
1273 14 18 17
1274 10 21 6 11 13 14
1275 10 8 7
1276 2 19 1 21
1277 5 21 8 6
1278 22 11 7 10 8 19
1279 10 11 20
1280 20 21 19
1281 20
1282 10 21 19 20 5
1283 19 14 13
1284 22 7 21 20
1285 2 19 7 20 5 3
1286 21 19 22 7 20 1
1287 2 3 22 5
1288 11 21 19 20 22 7
1289 10 11 8 21 19 7
1290 8 22 2 19 20 7
1291 11 22 20 14 19 7
1292 21 20 11
1293 21
1294 19 5 8 11 20 7
1295 17 13 14
1296 13 14
1297 22 10 21
1298 20 19 10
1299 21 11 20
1300 14 6 20 21 19 13
1301 2 0 1 21 5
1302 7 2 20 21 8 3
1303 20 8 3 2 7 5
1304 22 21 19 6
1305 5 3 10 20 7 21
1306 8 13 11 10 21 22
1307 21 22 11 20 7 14
1308 11 7 22 13 19 8
1309 19
1310 17 13
1311 20 19 0
1312 20 7 6 2 22 8
1313 7 19 20
1314 5 19 22 10 20 6
1315 21 7 19 6 22 8
1316 21 7 22 13 20 11
1317 20
1318 0 1 20
1319 21 11 20
1320 19 21 6
1321 20 19 22
1322 19 22 7 21 20 13
1323 19 20 21
1324 19 10 21 7
1325 0 7 13 11 10 6 3 5 21
1326 19
1327 18 14
1328 10 21 11 13 8 19
1329 7 20 19 5 6 2
1330 19
1331 7 5 10 19 22 21
1332 14 21 5 22 6 11
1334 21
1335 21 11 19
1336 6 22 21 19
1337 20 21 7 10 19 13
1338 11 8 13 20 22 7
1339 11 22 19
1340 21
1341 22 10 21 19
1342 19 10 7 14 20 22
1343 22 19 20 13 21 8
1344 20
1345 17 18
1346 20
1347 11 20 10
1348 22 14 10 21 8 13
1349 8 7 20
1350 21
1351 10 20 13 19 21 7
1352 22 2 3 20
1353 21 20 19
1354 7 21 19
1355 20 8 10 7
1356 7 21 22 10 5 19
1357 10 14 5 6 21 11
1358 20
1359 8 20 19 10 22 5
1360 19 20 21
1361 10 11 19
1362 21 11 10
1364 8 11 10
1365 11 20 21
1366 7 11 5 8 10 22
1367 8 22 19
1368 17 18 13
1369 11 22 19 20 8 21
1370 19 0 1
1371 18 14
1372 21 11 19 13 20 10
1373 2 5 14 8 6 0 11 19 3
1374 8 20 6 11 10 7
1375 2 20 8 7 21 19
1376 22 20
1378 14 21 22 6 10 8
1379 11 19 21
1380 10 8 20 7 14 21
1381 11 10 18
1382 6 20 10 8 5 19
1383 14 13
1384 1 20 21
1385 3 21 20 5
1386 0 19 21
1387 10 7 8 19 20 22
1388 20
1389 21
1391 14 13
1392 20
1393 5 21 8 11 20 19
1394 2 5 20 3 21
1395 13 6 0 7 1 2 20 21
1396 8 5 19 20
1397 21 14 10 8 13 22
1398 11 7 10 13 21 22
1399 10 22 21 11 13 14
1400 20 7 5 21 22 6
1401 21 6 5 19 10 11
1402 5 6 7 19 22 2
1403 11 19 21
1404 19 0 2
1405 21 11 22
1406 7 10 21 5 22 20
1407 19 21
1408 19
1409 10 7 14 20 11 22
1410 11 8 7 10
1411 19 22 11 5 10 21
1412 21 7 19
1413 2 19 21 20
1414 14 13
1415 19 5 11 10 21 22
1416 20
1417 3 22 21 6 7 20
1418 21 8 22 20
1419 11 19 20
1420 11 22 7 8
1421 19
1422 20 14 8 13 19 5
1423 5 8 10 11 6 19
1424 22 21 19 7 8 10
1425 0 19 20
1426 19 10 21
1427 10 20 11
1428 7 20 22
1429 10 20 21
1430 22 8 2 20 3 21
1431 6 11 8 10 20
1432 20
1433 22 21 13 20 7 8
1434 8 10 7 22
1435 20 0 21
1436 21 20 19
1437 13 22 19 21 14 20
1438 1 20 7 21 2
1439 6 5 20 3 7 8
1440 19 20 22 5 10 21
1442 5 20 10 21 7 11
1443 8 22 21 10 14 19
1444 19 20 11
1445 11 20 10
1446 21
1447 8 19 22 10
1448 19 20
1449 11 10 22 20
1450 10 19 6 20 22 7
1451 8 7 19
1452 13 14
1453 7 21 19
1454 7 8 10 20 19 21
1455 11 10 21
1456 10 21 7 8 13 14
1458 22 19 6 8 7 5
1459 5 22 7 21 20 10
1460 19 21 10
1461 19 22 8 20 13 14
1462 19 10 21
1463 7 10 11 13
1464 13 22 11 21 7 20
1465 20 21 2 19
1466 14 5 10 20 8 21
1467 20 5 11 21
1468 11 6 5 22 19 10
1469 10 22 19
1470 22 19 7 10 14 11
1471 17 13 18
1472 21
1473 8 20 19 7 11 21
1474 14 13 11
1475 19 14 21 11
1476 11 7 22 8
1478 19
1479 19
1480 10 21 20 19 22 14
1481 20 19 11
1482 22 19 21
1484 20 3 19
1485 20 6 5 21 11 22
1486 21 8 22
1487 14 10 22 20 11 8
1488 7 11 21 5 10 3
1489 19 11 22 7 21 14
1490 19 11 8 13 21 7
1491 5 8 6 2 3 22
1492 21 10 8 14 11 7
1493 6 5 20 22
1494 20 11 8 19
1495 8 11 6 21 22 7
1496 11 21 19
1497 14 16 18
1498 22 19 3
1499 13 8 11 21 19 10
1500 21 22 3 2 5 20
1501 21 22 5 6
1502 7 0 21 20 19
1503 5 6 19 20
1504 7 22 19 8
1505 2 19 20 22 0 6 13 10
1506 22 5 2 3 6 19
1507 11 14 20 5 13 8
1508 21
1509 22 13 6 0 14 3 11 1 8
1510 21 11 7 20
1511 10 20 19
1512 21 7 11 8 10 19
1513 21 8 6 10 19 7
1514 22 10 13 5 11 7
1515 14 13
1516 20
1517 6 19 10 20 21 8
1518 14 7 8 10 19 20
1519 19 20
1520 3 0 21 20 6 22
1521 20 8 19 22
1522 21 19 8 20 10 5
1523 8 20 22 13 7 6
1524 6 21 22
1525 21
1526 20 21 22
1527 2 0 20 3
1528 7 22 8 2 6 20
1529 19 7 21 20 22 3
1530 20 7 19
1531 22 19
1532 11 7 18 17 10 5
1533 8 10 11 18 13 5
1534 14 21 20 11 22 13
1535 20
1536 6 22 5 19 7 21
1537 11 7 22 10 14 21
1538 11 8 13 14
1539 21 14 19 10 6 8
1540 17 10 11
1541 19 8 7 21 6 3
1542 6 0 1 19
1543 13 19 20 8 10 14
1544 19 22 21
1545 3 8 19 22 7 20
1546 22 11 14 10 7 21
1547 22 14 8 21 10 13
1548 20 22 19 14 8 13
1549 0 20 19
1550 20
1551 19 21 11 7 22 10
1552 21 14 19 11 13 7
1553 5 14 13 19 21 10
1554 21 10 13 11 5 6
1555 19 20 6 5 11 7
1556 13 10 20 19 7 22
1557 19 0 5 1 2
1558 5 7 8 21 19 6
1559 20 13 22 21 5 14
1560 14 11 20 13 22 19
1561 11 22 10
1562 7 21 20 10 19 13
1563 21 8 5 22 11 10
1565 21 8 19 7
1566 19 20 13 6 8 10
1567 8 7 10 22 20 13
1568 8 7 13 11 14 21
1569 13 8 6 21 7 19
1570 21
1571 18 13 14
1572 11 14 20 13 8 10
1573 20
1574 8 19 11 7 21 13
1575 7 13 8 14 21 22
1576 11 8 13 10 7 19
1577 8 21 20 19 6 22
1578 22 5 6 8 20 19
1579 21 19 6 5 8 10
1580 21 19 11
1581 22 3 5 20 19 6
1582 13 21 11 20 19
1583 8 20 22
1584 21 13 10 8 7 11
1586 7 21 20 14 5 10
1587 7 20 14 22 8 19
1588 11 20 21
1589 6 10 11 22 8 20
1590 21 1 20
1591 10 19 20
1593 8 5 21 7 6 19
1594 17 18
1595 18 10 17 13
1597 22 19 3
1598 7 5 19 22 14 20
1599 20 19 14
1600 11 8 19 21 7 22
1601 21 22 7 20
1603 6 21 19 20 11 8
1604 14 5 19 20 6 13
1605 6 11 21 5 22 8
1606 21 0 2 1 5
1607 10 8 7 22 11 21
1608 1 19 2
1609 13 14
1610 21 19
1611 19
1612 22 21 11 7 14 20
1613 21 8 10 13 7 20
1614 7 22 11 21 20 19
1615 14 21 19 11 10 8
1616 20
1617 21 10 20
1618 13 20 8 7 14 10
1620 2 22 20 3
1621 3 20 21 22
1622 21 11 10
1623 8 22 5 21
1624 14 20 19 13
1625 22 5 10 8 7 11
1626 20 11 22
1627 19 11 21 10
1628 5 19 22
1629 13 10 11 19 14 8
1630 5 20 7 22 6 21
1631 21 6 14 20 11 7
1632 20 21 10
1633 20 1 0
1634 10 19 8 14 21 11
1636 7 8 22
1637 22 5 20 8 6 3
1638 2 6 19 20 8 22
1639 8 22 5 7 19 2 11 3
1640 21 22 14 20 7 5
1641 10 20 19 21 22 13
1642 10 11 14 5 13 7
1643 7 8 14 11 6 20
1644 5 20 19 21
1645 13 22 21 7 3 6 20 10
1646 8 21 11 20 5 10
1647 21 7 3 10 6 14 19 8 0
1648 13 14
1649 7 10 3 8 21 19
1650 19 20 8
1651 11 13 10
1653 14 10 19 5 21 13
1654 6 8 5
1655 21 7 8 20
1656 17 14 8
1657 5 7 6 22 20 21
1658 21 1 20
1659 6 20 22 19
1660 19 20 21
1661 20 3 2 21 5
1663 6 2 5 8 21 20
1664 5 8 6 7 19 20
1665 11 13 10 8 22 20
1666 6 19 10 5 7 22
1667 20 11 21
1668 21 7 11 22
1669 19
1670 20 11 22
1671 8 21 7
1672 8 20 22 6
1673 21
1674 14 20 19
1675 21 19 7
1676 6 10 7 8 19
1677 22 19 6 11 13 5
1678 20 7 21
1679 11 14 13 20 21 10
1680 13 14
1681 5 20 19 22
1682 5 10 20 22 7 6
1683 14 20 21 19 8 22
1684 7 13 10 11 8 21
1685 20 19 10
1686 8 13 19 5 11 6
1687 11 10 8
1688 8 20 5 14 13 10
1689 20 13 14 21 8 22
1690 7 21 8 13 20 10
1691 21 6 5 1 0 20
1692 7 21 14 8 11 19
1693 10 19 20
1694 19
1695 19 21
1696 3 5 6 22
1697 14 18 17
1698 19 20 0 2 1 7
1699 21 20 1
1700 20 5 7 8 19 22
1701 6 7 10 14 19 22
1702 22 20 10 8 14 11
1703 7 5 20 21
1704 21 22
1705 20 7 10 19 11 8
1706 13 20 21 14 19 7
1707 7 19 22 10 11 8
1708 19 6 22 7 21 20
1709 14 10 8 22 21 19
1710 19
1711 8 7 19
1712 20
1713 20 22 11 19
1714 6 20 21 3
1715 10 7 8 21
1716 22 0 21 3
1717 14 21 19 7 13 22
1719 5 20 13 21 11 6
1720 5 14 11 10 6 13
1721 19
1722 20 19 11
1723 19 22 20 5
1725 6 19 7 10 11 8
1726 7 21 11 5 6 20
1728 20
1729 19
1730 19 20
1731 11 20 7 21 13 5
1732 20 7 8 5 21 11
1733 6 8 7 11 20 5
1735 13 17
1736 7 8 10
1737 11 10 5 6 8 20
1738 0 19 3
1739 7 14 8 10 22 21
1740 8 21 10 22 19 14
1741 11 10 21
1742 7 20 5 11 13 10
1743 5 10 8 21 6 7
1744 22 21 8 10
1745 5 22 6 21
1746 20 21 19
1747 10 11 21 20 22 8
1748 18 11
1749 6 20 21 19
1750 10 11 5 18
1751 5 20 8 21 3 22
1752 16 13
1753 11 19 21
1754 21 11 19
1755 20 19 3
1756 20 7 21
1757 14 10 11 19 13 6
1758 19
1759 14 18
1760 17 14 7
1761 20 19 11
1762 6 1 20 21 2 22
1763 7 10 6 21 11 5
1764 6 5 20 19 8 10
1765 20 8 21 22
1766 21 20 19
1767 10 17 13
1768 20 22 6 19 11 8
1769 22 10 11 6 14 13
1770 11 21 10
1772 22 20
1773 10 19 14 5 6 13 1 11 3
1774 20 10 22 19
1775 20 19 10 21 5 7
1776 22 21 20
1777 6 8 21 7 10 5
1778 13 10 11 14 20 22
1779 2 19 10 8 21 20
1780 7 21 8
1781 21 8 20 6
1782 6 20 10 11 21 7
1783 20 1 21 6 2 0 8
1784 19 20 5
1785 7 8 22
1786 21 19 11
1787 6 21 7 20 2
1788 21
1789 21 22 14 20 13 8
1790 20 21 1
1792 17 14
1793 19
1794 5 11 21 19 20 22
1795 21
1796 19
1797 8 7 10 19 13 22
1798 19
1799 14 8 6 13 10
1800 14 10 21 7 22 20
1801 19 20
1802 10 3 7 1 20 0 2
1803 22 3 7 21 2 8
1804 20 14 6 7 21 10
1805 21
1806 19 21 13 14 22 7
1807 1 3 19
1808 11 14 18
1809 17 10 18
1810 14 19 10 20 8
1811 0 1 19
1812 11 21 20
1814 22 2 7 5 3 8
1815 10 13 7 11 21 20
1816 22 19
1817 19 5 8 22 7 20
1818 22 19 5
1819 5 21 22 20
1820 19 8 11
1821 20 5 3 19
1822 7 20 10 8 19 11
1823 21 19 7 6 20 10
1824 21 3 20
1825 19
1826 22 5 6 7
1827 20 21 22
1828 21 5 7 19 20 3
1829 10 21 20
1830 14 16 10
1831 19 7 8 14 13 20
1832 19 20 21
1833 2 19 3 8 21 7
1834 22 7 14 8 19 10
1835 21 22 20
1836 20
1837 19
1838 19 22 5 20 11 8
1839 19
1840 10 21 13 8 20 7
1842 7 14 8 21 19 11
1843 7 19 20 8 5 21
1844 10 22 11
1845 19 6 7 5 10 11
1847 5 20 6
1848 14 17
1849 22 19 8 10 21 7
1850 19
1851 19 3 2
1852 22 20 19 10 7 6
1853 11 21 19
1854 14 10 11 19 21 8
1856 21 8 20
1857 22 21 19
1858 7 14 21 20 10 8
1859 13 18 11
1860 20
1861 19 20
1862 20 21
1863 21 20 10
1864 13 5 17 6
1865 10 11 20
1866 21 19
1867 21 11 10
1868 21 19
1869 21 10 19 8
1870 7 11 22 8 21 10
1871 5 21 7 13 14 6
1872 11 13 8 5 21 19
1873 19 7 11 13 10 21
1874 11 6 7 8 19
1875 19
1876 7 10 6 2 5 20
1877 19 21
1878 20 22 10 21 11 8
1879 20 22 10 8
1880 22 21 11
1881 19 22 5 3 20 2
1882 5 6 20 8
1883 21 1 20
1884 13 11 8 7 19 21
1885 19 5 20 8
1886 13 22 20 21 14 19
1887 20
1888 20
1889 10 22 14 11 8 5
1890 19
1891 19 20 21
1892 20 6 3 19
1893 3 22 5 19 7 2
1894 8 19 7 13 10 20
1895 10 7 8 20
1896 7 8 19 21
1897 7 19 21 10
1898 14 20 11 8 22 7
1899 21 8 6 20 19 5
1900 10 6 21 22 19 13
1901 21 5 8 22
1902 21 13
1903 20 7 6 21 5 10
1904 19 20 22
1905 10 19 22 8
1906 22 5 19 7
1907 20 21
1908 19 21 7 20
1909 19
1912 20 21 8 13 19 10
1913 7 13 11 20 10 8
1914 5 20 6 8
1915 21 11 22
1916 21 14 13 11 8 7
1917 20 10 11 22 21 13
1918 6 8 5 10 19
1919 6 22 20 13 8 21
1920 21 7 19 6 0
1921 13 20 14 19 21 7
1922 8 20 22 3
1923 0 5 3 19 6
1924 6 13 21 5 11 14
1925 11 13 22 8 19 20
1926 21
1927 10 21 19 20 6 8
1928 13 14 11 20 6 10
1929 6 20 8 21 5 10
1930 17 13
1931 11 7 20
1932 19 7 10 22 8 14
1933 17 7 18 10
1934 20
1935 8 18 7
1936 21 11 7 10 8 19
1937 10 19 11
1938 10 2 0 1 11 22 6 19 5
1939 20
1940 11 10 22
1941 13 18
1942 10 7 13 21 14 11
1943 8 22 19 21 11 10
1944 21
1945 10 8 20 6 19 7
1946 3 2 19
1947 21 11 19
1949 8 11 10 21
1950 20
1951 21
1952 20 8 22 11
1953 21 7 19 8 14 10
1954 20
1955 19 22 14 11 20 7
1956 21 20 22
1957 14 10 8 21 19 5
1958 20 22 19
1959 5 6 11
1960 7 22 6 5 11 20
1961 10 19 22 8 5 11
1962 21 20 7
1963 5 8 6 19 7 20
1964 14 21 11 10 8 22
1965 19
1966 13 11 19 14 20 21
1967 19 2 22
1968 19 14 20 8 11 21
1969 16 17 18
1970 20 22 7
1971 19
1973 13 8 20 14 10 21
1974 16
1975 1 21 19 0
1976 19 22
1977 6 7 21 5 20 10
1978 8 7 19 20 6 22
1979 13 22 20 11 10 14
1980 11 22 21
1981 19 10 6 20 21 22
1982 19 13 11 7 21 20
1983 8 19 14 22 10 7
1984 21
1985 3 20 8 19 5 2
1986 7 22 20 3 21 8
1987 8 19 11 13 14 10
1988 19 10 21
1989 22 21 20
1990 21 22 19 7
1991 19 21 20
1992 20
1993 22 20 3 21 7 8
1994 20 7 21 10 22 11
1995 20
1996 20 19
1997 20 6 5 7 3
1998 21 6 14 22 11 20
1999 8 10 20 11 21 7
2000 0 10 1 3 21 11
2001 2 5 6 19 7 22
2002 13 14
2003 21 11 22 8 20 7
2004 5 20 8 22 19 7
2005 19 6 21 3 2 5
2006 11 21 20
2007 22 13 14 21 10 19
2008 22 11 21
2009 19 8 11 22 20 13
2010 7 8 21 3 20 2
2011 5 22 19 11 10 20
2012 7 13 22 14 10 21
2013 6 20 14 13 10 21
2014 19 21 13 6 7 22
2015 20
2016 10 20 14 5 22 11
2017 20
2018 20 3 11 5 22 10
2019 21 14 11 22 20 8
2020 8 7 10 20 5 14
2021 8 20 13 19 10 7
2022 7 19 20
2023 5 19 6 7
2024 21 20 0
2025 7 10 19 21 20 11
2026 2 19 3 21
2027 21 22 20
2028 19
2029 19
2030 19 20 22
2031 21
2032 8 7 21
2033 20 8 7 11
2034 11 19 10
2035 13 14 6 22 21 7
2036 21 10 13 7 19 22
2037 1 19 21
2038 8 13 21 10 7 20
2039 20 2 0 3 7 1
2040 8 19 6 10 21 7
2041 11 14 8 7
2042 5 22 8 21
2043 11 20 19
2044 10 13 14
2045 8 11 22 19 5 21
2046 8 10 19
2047 21 20 19
2048 20 22 21 19 14 11
2049 13 21 14 19 8 10
2050 14 22 10 8 7 21
2052 19 22 3
2053 20
2054 7 8 20 22
2055 13 14 8
2056 14 19 11 13 20 10
2057 20 11 10
2058 7 19 21 10
2059 10 8 11 14 6 7
2061 21
2062 21
2063 22 20 19 21
2064 11 19 21 20 14 10
2065 22 21 10 13 19 20
2066 11 7 21 8 19 10
2067 21
2068 22 21 5 3 20 2
2069 19 8 20
2070 7 8 10 21 14 22
2071 11 20 21
2072 18 14
2073 20 22 10
2074 7 22 21 19
2075 22 11 21 10 20 7
2076 22 19 8 20 7 5
2077 19 13 20 7 21 14
2078 21
2079 22 20 11 6 21 5
2080 6 14 7 13 19 21
2081 1 21 19 2 20 6
2082 21
2083 10 13 17
2084 20 8 19 21 7
2086 22 20
2087 10 5 7 8 21 19
2088 21 11 8 10 20
2089 11 20 10
2090 11 14 7 21 10 13
2091 7 11 18 17
2092 18 11 10
2093 20 7 21
2094 7 10 8
2095 13 14
2096 7 10 20 6 22 5
2097 10 11 20 8 22 7
2098 21 5 20 8 2 3
2099 22 5 11 20 10 7
2100 6 3 22 19 21 5
2101 21 7 6 19
2102 13 10 18
2103 22 14 11 6 19 5
2104 11 20 8 6 22 19
2105 6 8 14 21 22 5
2106 20 14 13 19 7 21
2107 19 22 20 10 8 13
2108 8 14 21 22 10 6
2109 13 20 22 8 10 7
2110 20 13 19
2111 21 3 19
2112 17 18 14 10
2113 10 11 5 20 19 7
2114 21
2115 19
2116 6 11 10 21 19 22
2117 11 20 13 5 19 10 14 8
2118 21 20 7 22 13 8
