0 6 1 18 5 11 2 19 8 22 16 10
1 20 0 17 7 21 14 16 10 22 13 19
2 16 11 0 3 6 2 22 17 21 8 7
3 8 17 10 13 5 11 18 16 3 22 1
4 19 10 16 21 3 14 7 2 5 20 17
5 2 19 18 1 13 0 20 5 17 21 6
6 14 11 10 16 6 1 20 18 0 17 5
7 22 5 11 2 7 20 1 8 18 21 14
8 11 3 8 14 7 2 22 13 0 6 20
9 19 8 11 14 21 22 5 17 6 7 16
10 21 7 20 10 1 18 5 19 17 6 0
11 22 17 1 13 5 10 16 3 21 6 2
12 16 11 8 19 14 0 5 18 2
13 13 1 0 3 19 7 17 20 8 16 21
14 6 10 14 22 1 16 8 11 18 3 17
15 1 10 8 20 17 21 16 0 11 18 6
16 6 1 22 18 16 2 21 3 20 10 14
17 14 6 17 7 8 18 2 0 22 19 10
18 22 17 3 14 6 19 20 5 2 10 18
19 22 19 5 6 20 18 8 7 2 14 3
20 17 14 16 22 11 20 10 8 5 2 1
21 11 17 2 16 19 18 21 14 10 5
22 7 18 0 10 6 20 11 16 22 21 2
23 7 3 16 13 17 20 5 2 0 8 18 1
24 6 5 1 20 14 8 19 16 21 11 22
25 2 13 3 5 20 6 10 8 0 22 16
26 10 13 3 0 21 1 2 17 18 16 6
27 20 14 16 5 19 2 10 7 17 1 0
28 20 18 21 13 17 6 10 11 2 14 19
29 18 11 22 14 8 2 20 21 17 19 16
30 1 6 22 7 11 0 3 17 2 20 10
31 2 0 7 8 5 20 13 17 21 16
32 1 20 0 6 14 21 17 19 11 16 13
33 5 0 3 20 14 22 21 19 11 1 13
34 6 5 3 17 1 14 10 0 11 2 8
35 7 21 6 19 16 3 22 14 20 8 10
36 8 16 5 13 14 21 3 22 20 10 6
37 7 1 8 5 6 13 20 21 18 0 14
38 2 22 17 8 5 6 3 11 18 1 20
39 17 3 19 7 1 11 10 14 13 16 2
40 21 0 5 11 13 6 18 1 8 19 14
41 22 11 7 5 13 8 17 6 10 2 1
42 0 14 3 18 21 7 13 5 8 20 6
43 8 3 2 17 19 10 20 11 1 14 18
44 8 5 16 7 17 3 18 19 6 20 13
45 20 10 5 16 22 11 19 3 0 8 6
46 8 21 5 17 20 1 2 3 0 18 16
47 22 5 11 18 1 21 19 8 0 14 7
48 10 13 7 8 6 14 2 16 5
49 2 22 20 1 19 13 17 6 21 3 16
50 11 10 16 18 20 21 8 22 5 19 0
51 22 13 17 10 8 7 3 6 2 21 18
52 18 3 7 17 8 21 20 0 11 10 2
53 2 22 11 0 18 21 13 19 10 7 14
54 6 1 19 14 22 17 11 2 20 18 0
55 18 11 3 1 20 0 16 2 19 22 17
56 22 21 5 1 2 20 19 14 11 10 3
57 21 14 3 20 1 2 17 6 19 16 7
58 16 3 21 18 10 7 20 14 2 11 13
59 2 0 21 6 19 7 5 1 3 18 13
60 1 0 8 10 17 14 19 5 22 18 7
61 21 0 20 14 18 22 13 8 16 19 17
62 3 8 0 18 11 7 6 5 20 14 10
63 10 8 2 18 19 14 1 5 3 13 20
64 2 18 16 8 0 22 19 11 20 21 10
65 20 1 18 16 14 19 17 8 6 2 10
66 1 0 14 3 18 11 22 2 17 20 13
67 5 19 10 13 16 7 8 20 22 3 14
68 18 13 19 20 6 16 5 2 22 11 14
69 3 13 21 22 5 16 18 20 14 0 2
70 22 2 18 9 11 16 0 8 10 6 19 21
71 16 17 13 2 0 19 21 7 20 5 1
72 16 17 14 19 22 1 7 3 13 5 20
73 5 1 2 16 6 7 18 17 11
74 8 17 16 3 5 18 10 0 22 21 14
75 13 10 11 2 19 0 14 21 5 8 16
76 14 8 20 19 6 5 1 2 16 0 22
77 3 16 6 22 18 17 11 19 10 1 8
78 17 20 0 2 6 21 14 1 19 13 18
79 11 7 8 1 20 19 16 5 3 0 14
80 0 22 19 13 10 21 1 8 7 14 3
81 2 8 11 14 18 13 1 3 16
82 1 22 3 10 19 8 2 5 6 20 13
83 2 16 8 17 1 5 7 18 10
84 5 20 2 16 1 6 18 0 19 22 14
85 8 5 11 22 21 1 3 6 0 16 2
86 8 10 6 13 20 17 2 22 21 7 5
87 14 16 22 8 3 5 7 10 6 1 0
88 1 2 13 14 3 7 18 22 8 17 11
89 17 19 14 5 0 3 18 2 20 22 6
90 11 22 5 2 16 18 8 0 13 20 1
91 6 8 18 17 2 11 21 20 1 16 3
92 20 17 5 14 7 0 10 19 16 18 11
93 10 11 0 2 20 18 8 13 14 19 7
94 6 17 2 14 8 11 3 16 18
95 21 0 13 8 14 19 11 16 22 3 20
96 17 1 19 14 16 3 11 2 21 22 13
97 17 22 9 16 0 13 7 20 15 21 6 10
98 21 2 22 18 3 16 13 17 1 5 19
99 7 0 11 20 10 21 3 13 5 19 14
100 17 10 21 16 18 14 8 5 11 20 22
101 18 19 17 5 10 21 6 20 2 22 0
102 19 7 11 22 20 0 2 1 3 10 6
103 19 14 2 6 13 5 16 22 18 21 8
104 0 7 17 3 6 16 11 13 8
105 10 0 3 18 21 7 13 16 20 6 1
106 6 8 7 22 5 3 1 2 19 14 10
107 17 10 8 16 21 5 7 1 20 0 11
108 6 7 5 10 14 21 16 19 17 22 18
109 17 7 6 20 13 10 18 11 14 22 1
110 21 13 6 3 0 16 10 8 17 20 11
111 11 7 17 10 1 5 13 3 14
112 19 8 7 18 5 14 3 1 2
113 19 10 20 18 16 14 13 6 0 8 17
114 19 11 21 13 3 2 6 0 7 10 20
115 22 1 11 16 18 5 7 8 14 2 0
116 8 7 18 10 5 3 6 16 2 1 19
117 7 0 18 8 1 14 13 10 16
118 17 11 8 7 18 20 13 19 3 5 0
119 1 11 2 19 10 14 5 3 20 8 0
120 18 6 10 22 19 21 16 17 11 8 14
121 0 13 16 2 5 3 18 8 17
122 8 5 1 7 3 17 14 10 18 6 20
123 18 0 7 20 22 21 14 3 1 8 6
124 19 8 22 11 14 10 6 2 20 3 5
125 2 18 3 0 1 13 11 5 19 22 8
126 10 0 17 6 8 21 3 11 5 22 13
127 19 1 5 17 10 11 3 6 7
128 0 22 1 3 19 21 13 16 17 8 2
129 2 5 3 11 7 22 16 8 20 18 10
130 0 4 21 12 3 20 6 5 14 18 11 19
131 19 22 20 17 2 18 8 13 21 10 11
132 5 3 16 22 7 14 18 21 8 20 19
133 19 8 3 6 20 7 11 16 0 1
134 10 2 16 6 11 0 7 19 21 17 13
135 7 0 19 20 11 6 5 8 17 10 18
136 10 22 13 2 18 20 14 7 21 3 5
137 11 7 0 3 17 10 16 22 13 20 21
138 8 11 20 10 21 3 13 5 14 0 1
139 14 7 11 8 21 19 17 10 13 6 3
140 10 21 2 19 5 8 1 16 22 0 17
141 2 20 21 11 10 0 16 8 14 1 13
142 6 17 14 2 21 0 20 3 16 18 19
143 13 6 1 22 10 3 0 14 8 19 5
144 11 3 2 8 0 20 21 10 1 6 22
145 1 17 20 7 21 22 0 11 18 16 14
146 20 13 17 21 3 5 1 18 10 16 22
147 8 7 19 5 14 21 20 3 1 11 22
148 18 5 21 0 13 14 1 10 2 8 19
149 19 2 13 3 21 14 22 18 1 10 7
150 21 2 0 13 3 19 14 1 6 20 5
151 21 2 13 0 17 20 7 19 8 22 16
152 19 2 22 13 17 5 14 8 10 1 7
153 7 21 20 16 11 19 10 1 5 0 6
154 6 22 3 18 13 5 10 16 0 20 14
155 6 10 11 18 14 7 3 13 5
156 17 13 16 6 11 21 0 7 3 10 19
157 18 0 10 22 5 7 1 8 6 17 11
158 20 1 5 18 14 21 3 7 16 2
159 11 17 2 3 10 13 18 8 20 5 22
160 22 7 21 8 2 14 0 20 5 6 13
161 13 8 6 0 20 16 18 22 11 19 5 10
162 16 1 18 14 11 19 20 8 0 3 13
163 2 11 1 16 22 7 10 17 0 3 14
164 19 11 16 2 7 8 3 13 22 20 21
165 18 10 13 19 5 1 21 0 8 2 11
166 6 2 13 16 10 17 5 18 8
167 3 6 22 2 5 21 13 11 1 18 14
168 2 11 13 0 14 6 20 3 1 8 22
169 0 2 10 11 13 14 8 6 22 20 21
170 21 10 20 6 5 16 18 7 3 8 14
171 1 18 8 5 0 13 14 2 16
172 6 17 1 20 2 13 14 5 19 22 18
173 19 13 16 8 20 22 21 6 17 11 10
174 6 10 13 11 17 8 21 14 1 7 20
175 8 11 1 3 14 5 18 10 2
176 17 16 7 1 18 6 2 5 14
177 8 20 13 10 7 5 16 19 21 14 6
178 10 3 5 7 21 8 13 6 2 22 17
179 2 5 16 8 0 14 3 13 7
180 0 8 5 14 17 6 21 2 10 22 13
181 11 19 22 18 2 17 10 7 5 16 13
182 6 20 16 19 2 17 18 10 7 1 8
183 16 6 8 0 17 13 18 20 2 3 11
184 0 6 18 3 5 13 14 7 11
185 6 14 5 18 22 17 0 13 10 7 3
186 17 3 8 13 5 1 11 22 18 7 20
187 6 8 14 2 20 17 5 1 0 13 7
188 5 1 20 11 0 2 16 7 8 10
189 7 11 8 16 10 22 18 0 17 21 20
190 18 22 17 8 10 16 20 2 21 5 13
191 1 7 21 19 3 6 13 14 17 10 18
192 6 22 21 10 19 3 20 11 2 8 0
193 19 7 20 16 6 18 13 14 2 17 8
194 18 10 3 14 11 5 19 21 0 17 16
195 2 5 11 16 17 7 1 3 8 6 18
196 17 21 16 20 1 22 0 10 7 6 14
197 19 0 11 16 10 21 14 17 5 20 22
198 6 3 8 10 2 5 7 13 14
199 16 20 11 6 10 17 21 2 7 0
200 13 21 3 18 16 8 0 19 14 22 2
201 6 19 11 0 22 10 21 7 3 17 8
202 20 3 5 0 21 22 8 1 17 6 18
203 2 20 19 1 22 6 17 10 18 16 11
204 14 21 3 10 11 18 1 13 7 6 17
205 1 16 13 6 14 0 5 8 3
206 3 8 1 2 16 0 6 11 7
207 0 13 14 8 20 22 10 11 16 1 3
208 2 7 16 17 11 0 21 20 8 10 18
209 3 5 1 0 2 11 7 10 16
210 7 22 0 8 2 5 18 14 1 10 21
211 8 7 0 14 1 19 22 10 20 21 5
212 6 7 18 11 3 20 17 1 13 5
213 2 0 5 22 6 20 11 3 19 8 16
214 10 0 5 11 2 7 20 16 21 18 19
215 21 10 18 8 13 3 0 19 11 22 1
216 2 0 1 21 5 7 11 22 3 8 19
217 3 6 21 20 8 11 10 7 5 19
218 8 5 16 20 21 0 6 14 1 22 18
219 0 6 17 11 8 16 21 2 19 13 22
220 16 19 17 5 20 13 18 21 2 0 10
221 18 6 11 5 20 7 19 3 0 21 2
222 3 21 0 6 20 11 17 16 1 18 10
223 22 20 11 3 0 1 7 8 14 18 16
224 10 22 16 5 14 17 20 21 3 8 11
225 17 18 21 13 0 7 14 16 22 1 8
226 10 0 11 7 19 21 16 18 17 2 8
227 16 14 17 2 3 7 8 10 1
228 2 6 10 5 22 13 3 19 1 16 7
229 14 7 18 2 20 5 21 8 11 22 13
230 16 21 1 2 10 17 18 14 3 13 11
231 10 14 0 22 7 1 19 18 21 3 11
232 0 3 13 18 15 11 12 7 8 2 6 21
233 0 18 22 1 5 14 19 7 17 8 2
234 13 18 14 11 8 21 7 16 10 20 22
235 3 7 21 0 1 8 18 2 6 11 13
236 17 20 7 1 16 19 2 10 3 18 14
237 7 22 8 21 3 0 20 17 13 6 5
238 0 20 14 8 6 1 19 16 13 17 18
239 14 21 17 20 22 7 0 10 18 8 5
240 10 0 20 13 21 7 6 8 22 3 14
241 14 2 17 16 20 13 0 10 19 22 1
242 0 13 3 17 22 11 1 10 21 20 18
243 19 21 13 5 17 22 8 10 14 11 20
244 16 10 2 1 17 21 8 18 3 6 20
245 22 19 8 3 0 18 14 16 10 6 5
246 18 3 19 11 2 0 7 17 5 20 6
247 5 22 11 1 13 3 17 2 18 16 0
248 17 10 11 21 16 8 20 14 2 7 1
249 19 3 6 13 14 11 1 16 22 5 7
250 1 21 0 11 8 22 17 2 5 3 20
251 7 0 13 5 6 20 1 10 19 14 18
252 6 14 8 11 18 5 0 2 10
253 21 18 17 6 22 10 0 3 1 11 7
254 3 21 16 7 20 19 6 10 17 11 5
255 3 14 5 22 0 18 13 10 19 7 17
256 14 20 1 22 6 3 2 7 21 5 19
257 22 0 18 13 14 19 20 8 2 3 7
258 5 11 22 21 13 18 20 0 19 6 1
259 13 14 0 5 17 16 3 1 10
260 8 6 7 20 10 19 11 14 5 2 3
261 0 19 13 8 6 18 17 1 3 2 21
262 10 5 19 11 7 14 8 6 0 3 1
263 19 3 2 14 1 5 6 21 18 0 16
264 17 19 7 0 13 11 8 16 20 21 5
265 1 8 17 16 19 0 11 7 6
266 21 19 16 13 7 5 17 8 14 20
267 20 0 7 13 2 10 17 21 6 1 22
268 7 17 5 2 13 10 21 8 6 16 3
269 0 16 10 1 18 7 22 5 6 11 17
270 17 16 14 11 8 18 7 5 1 0 19
271 20 2 6 10 11 17 19 22 0 3 21
272 20 0 11 17 18 19 6 16 14 10 21
273 8 14 11 2 10 1 17 6 22 19 5
274 13 17 16 21 22 8 10 18 5 19 7
275 1 20 21 5 10 19 6 0 8 3 13
276 0 7 20 14 10 16 6 11 2 21 13
277 7 9 22 16 6 21 17 10 1 2 14 19
278 22 0 16 19 3 18 14 7 8 13 1
279 10 2 6 16 3 18 1 14 0 21 5
280 18 2 13 19 22 5 20 6 8 3 14
281 22 0 8 2 17 19 18 7 14 11 6
282 8 0 3 17 7 21 14 1 18 13 19
283 11 10 7 19 0 1 20 6 13 8 22
284 18 22 16 21 8 6 11 7 14 13 1
285 16 11 13 10 18 5 2 0 8 19 20
286 22 8 6 0 19 7 17 18 3 14 11
287 5 0 3 14 17 19 21 6 10 16 20
288 1 21 10 11 3 5 2 8 6 7
289 19 17 2 1 0 7 16 5 8 3 20
290 7 3 8 16 18 17 21 1 0 14 19
291 6 2 14 5 1 19 10 8 7
292 16 3 2 17 8 14 20 1 10 11 18
293 11 7 6 8 2 22 19 17 14 16 20
294 20 16 10 2 7 13 5 8 22 17 1
295 16 21 3 10 22 0 5 7 17 20 1
296 7 17 6 20 14 8 1 11 2 0 5
297 5 2 11 7 10 8 18 14 20 1 16
298 3 7 18 19 0 8 5 1 10 22 16
299 18 1 21 3 22 2 6 0 11 17 20
300 18 13 20 19 22 14 5 0 21 16 7
301 5 16 17 3 21 7 10 18 11 14 22
302 2 11 1 17 20 13 0 21 6 14 10
303 22 8 3 0 10 20 14 13 16 2 19
304 7 6 16 10 0 21 18 17 11 14 8
305 6 2 7 19 14 22 11 20 17 10 1
306 1 3 20 10 7 13 2 5 8 21 22
307 17 16 2 14 0 22 3 5 1 10 19
308 13 19 21 8 16 7 18 14 10 2 22
309 3 16 8 13 11 20 14 5 10 17 18
310 20 21 18 10 2 0 3 22 14 19 17
311 18 21 11 10 8 22 14 20 6 1 19
312 8 19 11 22 7 17 2 6 3 13 0
313 2 22 13 6 8 16 19 7 11 5 3
314 8 16 0 20 19 22 1 21 5 6 18
315 0 16 19 17 10 2 3 8 7 20 5
316 18 8 2 0 10 7 17 5 20 16 22
317 3 10 2 14 11 8 6 13 0
318 21 3 0 13 18 20 11 7 2 19 22
319 8 19 3 1 0 10 22 20 7 13 17
320 20 11 8 19 0 18 14 22 10 6 7
321 7 22 5 18 3 16 0 2 13 6 11
322 8 17 10 19 20 14 13 7 0 3 6
323 0 13 1 20 18 8 19 14 10 16 17 22
324 10 3 14 19 11 21 20 0 1 8 18
325 1 22 2 10 19 5 13 6 11 0 18
326 13 0 2 11 16 17 21 3 14 19 5
327 21 2 7 3 8 16 11 13 20 10 22
328 22 17 11 7 3 2 0 21 14 20 6
329 1 22 11 2 16 19 10 17 5 20 21
330 17 2 6 1 3 7 20 16 5 8 19
331 1 11 14 3 18 19 0 16 20 5 13
332 7 8 5 17 18 22 11 14 6 13 2
333 3 17 8 10 5 22 11 7 6 1 13
334 6 3 11 5 7 13 8 16 20 1 19
335 6 1 20 2 10 5 7 14 8 0
336 10 7 2 13 1 8 14 5 3 16 22
337 17 16 19 18 2 0 7 1 5 10 20
338 14 20 0 10 2 17 3 5 18 6 8
339 7 10 2 13 8 6 3 21 14 20 18
340 19 20 6 1 5 18 21 10 16 0 3
341 19 2 6 8 18 14 1 10 11 22 16
342 20 7 11 18 0 8 2 19 5 21 17
343 3 13 20 14 5 19 10 6 18 22 1
344 14 16 0 10 22 8 11 19 7 1 2
345 20 2 3 5 6 16 19 21 22 0 11
346 3 18 13 22 10 20 7 8 0 21 17
347 3 8 6 19 7 10 16 14 0 21 13
348 13 6 3 17 20 11 8 2 5 16
349 6 20 18 19 8 16 0 17 21 11 14
350 7 14 8 20 2 18 1 5 10 6 17
351 13 21 19 2 6 0 16 17 10 7 18
352 2 22 16 17 7 8 11 13 1 5 19
353 19 8 22 20 0 16 18 1 5 11 21
354 17 1 5 2 6 3 19 14 20 7 16
355 18 2 14 21 6 16 17 13 0 8 5
356 2 22 11 14 18 8 10 0 6 3 21
357 11 14 0 7 6 16 3 13 1 2 5
358 6 1 5 20 18 22 7 8 16 13 21
359 3 10 5 2 16 20 19 7 21 18 22
360 13 2 16 19 0 5 1 17 18 8
361 18 13 1 22 3 0 10 17 2 21 20
362 16 20 19 5 1 8 18 13 10 17 0
363 14 17 5 10 11 19 13 21 3 2 18
364 22 17 2 1 8 19 10 20 7 16 13
365 17 5 21 7 20 19 8 18 22 2 3
366 20 11 3 2 14 10 22 18 6 7 13
367 2 10 22 19 20 14 8 0 11 6 21
368 19 22 21 2 16 5 13 11 8 1 3
369 17 10 13 3 0 18 1 14 11 20 2
370 8 17 20 3 19 13 18 0 16 14 6
371 16 20 1 17 3 18 22 10 6 0 7
372 18 1 22 2 16 13 5 10 7 21 6
373 8 6 22 11 7 3 14 20 1 21 10
374 10 2 21 8 5 14 19 6 7 11 22
375 14 1 3 21 20 10 2 5 19 22 16
376 13 6 11 21 14 10 8 22 19 2 17
377 10 11 8 19 5 6 16 17 18 21 14
378 18 3 14 17 0 6 8 22 11 5 2
379 11 21 16 17 8 10 7 22 20 14 2
380 8 2 5 10 3 16 21 7 22 11 20
381 8 16 3 22 21 7 13 19 0 5 6
382 21 3 10 7 13 18 20 0 2 6 16
383 19 2 13 3 20 18 1 8 6 17 0
384 19 2 21 6 10 20 14 18 11 1 5
385 18 20 14 2 5 16 0 13 7 8 6
386 13 17 2 18 20 6 7 5 3 16 1
387 6 16 18 19 17 0 1 13 8
388 2 7 16 21 19 13 8 11 17 0 14
389 19 8 17 7 13 0 21 2 14 6 22
390 14 17 7 13 8 10 20 16 6 5 18
391 17 13 16 3 0 7 5 10 8 2
392 0 7 8 18 16 1 2 5 10 11
393 3 7 14 10 21 13 6 17 20 0 11
394 0 22 7 11 18 16 19 13 14 5 3
395 13 5 0 17 2 1 6 8 7
396 6 10 5 17 20 13 14 19 3 11 22
397 10 7 21 13 6 8 14 3 17 1 16
398 6 1 5 0 7 21 10 16 19 13 20
399 22 19 18 3 8 11 14 1 5 13 0
400 16 8 3 17 20 2 5 7 13 22 10
401 0 21 19 13 6 22 16 5 1 20 7
402 11 6 3 10 13 20 18 22 2 21 5
403 8 17 10 3 0 5 16 14 13
404 5 1 13 7 10 6 20 3 22 21 11
405 22 8 1 21 13 10 18 19 14 0 17
406 22 19 6 10 8 2 14 21 3 1 11
407 14 5 18 20 11 16 8 3 21 17 7
408 17 16 14 8 11 22 7 0 10 19 6
409 19 17 21 13 2 22 0 11 1 18 3
410 8 5 6 2 21 16 11 0 7 19 3
411 18 8 0 19 22 11 5 1 14 2 17
412 19 14 21 1 13 8 6 2 18 3 20
413 19 0 2 5 14 21 11 1 20 17 7
414 13 3 11 8 2 18 1 22 14 5 17
415 7 20 17 1 5 3 0 13 21 14
416 0 18 2 19 21 7 10 17 16 22 5
417 10 19 14 21 11 16 0 22 3 1 13
418 5 7 10 11 17 16 14 8 22 0 18
419 20 2 7 10 1 13 17 16 11 0 18
420 14 22 17 3 8 0 16 1 6 19 11
421 7 2 13 11 5 16 8 17 10 18 21
422 1 0 18 8 13 17 2 3 22 7 21
423 18 11 20 1 17 13 14 16 5 3
424 17 18 16 19 11 6 13 8 5 1 20
425 16 2 6 3 13 21 18 10 19 0 7
426 16 11 17 5 21 10 18 1 22 14 20
427 13 7 14 8 1 22 0 20 10 17 19
428 16 18 11 13 21 7 22 17 5 0 1
429 7 1 2 8 11 22 0 6 19 14 18
430 17 19 8 22 10 2 18 16 20 6 7
431 18 21 0 11 5 16 14 1 2 17 3
432 17 10 21 11 1 0 19 7 14 5 3
433 0 6 11 20 14 7 16 2 17 22 5
434 10 0 3 17 7 5 14 11 1
435 5 7 11 1 6 8 2 18 16 13 20
436 16 10 11 13 14 6 18 7 17
437 10 6 3 22 17 13 18 14 21 8 1
438 18 6 5 7 21 19 16 3 22 13 0
439 5 8 3 14 2 6 16 20 22 19 13
440 3 16 19 1 13 6 18 21 2 5 0
441 2 10 1 14 19 17 8 16 7 18 0
442 13 16 22 11 5 6 0 14 19 21 8
443 11 18 5 19 0 10 17 21 2 14 20
444 21 19 5 6 16 22 18 11 14 10 3
445 8 18 22 7 17 11 13 5 16 0 1
446 20 13 17 19 21 5 7 8 16 6 22
447 6 5 10 7 17 2 20 16 11 21 14
448 0 6 14 3 21 10 17 2 8 19 18
449 21 5 19 18 2 1 22 20 10 0 14
450 17 0 16 19 14 20 18 7 2 5 6
451 10 13 18 16 5 8 17 14 20 21 11
452 8 6 14 10 21 2 11 1 22 7 17
453 8 10 14 22 18 21 17 11 2 20 16
454 6 19 5 14 22 17 7 10 0 1 20
455 19 18 22 6 13 14 17 8 10 20 16
456 8 6 3 19 11 14 10 20 5 7 21
457 8 5 16 3 17 0 7 20 18 19 22
458 16 20 19 17 13 6 3 2 10 14 21
459 11 6 22 0 3 21 2 14 17 10 20
460 9 18 21 8 5 3 16 7 11 6 19 0
461 21 8 0 22 17 20 18 5 13 19 2
462 20 16 10 17 19 22 21 13 7 8 1
463 2 0 14 18 8 13 7 16 3 22 17
464 21 13 14 6 10 7 3 11 19 18 16
465 21 7 19 20 6 8 16 5 10 1 14
466 3 13 22 8 10 21 7 11 16 1 20
467 6 5 17 8 2 1 19 16 18
468 0 5 18 6 22 17 21 11 1 2 10
469 0 22 18 3 7 14 6 11 21 5 13
470 2 11 7 10 8 1 22 17 18 6 0
471 5 20 19 18 17 13 1 10 11 21 8
472 18 7 2 10 3 17 13 11 21 8
473 10 22 0 19 16 3 1 17 6 13 21
474 8 21 5 16 11 6 22 2 7 1 18
475 2 8 19 13 7 0 6 14 16 3 20
476 22 19 0 18 13 3 14 17 8 5 10
477 3 21 16 8 5 0 22 7 10 11 14
478 18 8 11 20 3 0 14 10 22 16 1
479 18 21 10 13 7 16 0 14 2 19 22
480 8 2 16 11 0 3 6 13 10
481 17 1 13 8 22 20 0 21 2 14 10
482 0 5 21 18 20 1 7 22 6 19 16
483 19 20 10 16 6 13 8 11 2 0 22
484 2 7 3 21 14 1 6 11 0 17 22
485 1 14 8 19 10 5 7 13 20 2 21
486 16 0 5 21 14 3 13 19 8 17
487 10 3 6 1 8 18 17 11 22 5 14
488 0 13 1 21 18 7 11 5 6 8 17
489 5 22 7 19 0 20 21 8 3 17 2
490 11 10 1 17 19 5 21 7 16 14 2
491 20 3 11 7 17 16 13 1 10 18 22
492 10 16 2 14 17 3 0 1 20 7 11
493 7 14 0 11 1 17 16 3 5
494 16 14 11 17 22 21 6 8 19 7 13
495 10 6 21 17 3 8 11 19 7 14 0
496 20 18 13 17 6 0 1 19 14 10 8
497 0 22 18 11 17 14 7 13 10 6 20
498 17 2 3 10 13 19 7 18 21 11 6
499 20 14 6 3 2 16 11 7 0 19 13
500 17 14 0 3 16 13 21 19 20 5 22
501 1 8 22 6 0 7 5 2 13 14 3
502 0 13 7 17 1 8 20 6 2 5 10
503 5 11 2 16 19 10 6 7 3 20 0
504 13 2 0 5 17 7 11 1 14 18 8
505 8 5 20 6 1 22 14 18 7 16 21
506 20 6 13 0 18 21 17 7 8 1 22
507 17 1 11 6 8 7 14 3 5
508 22 18 8 7 3 20 10 17 2 6 19
509 18 13 2 14 0 21 16 22 6 17 11
510 15 3 11 1 14 21 0 8 9 16 5 20
511 3 16 8 22 18 0 11 5 19 1 10
512 2 22 19 10 20 11 8 14 21 3 17
513 6 10 22 19 2 14 5 18 11 7 1
514 22 17 14 1 21 7 5 13 10 6 3
515 19 11 20 2 3 0 13 1 6 21 8
516 3 13 21 19 11 0 18 8 17 10 5
517 20 16 14 6 8 2 18 5 10 7 1
518 5 3 21 11 22 13 7 8 6 1 2
519 7 11 10 3 5 2 6 16 0
520 3 20 1 11 17 2 18 10 14 8 7
521 16 6 5 2 1 19 3 10 20 18 21
522 2 22 21 3 16 19 10 7 12 18 6 14
523 5 10 8 18 11 7 0 3 17
524 6 1 19 22 17 7 2 3 8 16 18
525 17 13 21 14 10 20 7 0 6 3 1
526 21 16 18 7 3 0 17 11 20 5 8
527 0 13 20 10 14 2 16 19 22 7 1
528 13 18 2 11 10 0 16 14 8 22 21
529 6 1 20 19 11 13 0 5 2 7 21
530 8 3 16 7 6 21 13 20 19 22 14
531 19 11 16 22 5 17 2 10 18 6 8
532 7 8 0 2 16 18 21 13 11 17 6
533 7 5 21 1 20 13 10 22 16 11 18
534 0 8 17 6 1 2 3 19 10 21 22
535 19 14 22 0 16 3 2 7 6 1 10
536 11 22 13 6 5 8 20 7 0 10 14
537 6 20 17 7 1 0 16 3 8 22 13
538 14 1 16 19 0 7 2 10 21 13 11
539 16 19 10 14 6 20 22 0 17 21 7
540 1 0 14 6 19 18 16 7 8 3 10
541 11 17 16 1 13 7 8 2 22 0 6
542 10 0 22 20 7 2 17 16 1 19 21
543 13 11 5 17 1 22 7 8 6 21 3
544 10 2 14 1 7 8 18 21 3 11 16
545 5 7 14 1 6 11 16 3 8
546 2 20 22 19 9 3 15 12 8 17 13 5
547 18 6 17 14 0 10 21 2 7 8 16
548 2 14 20 10 8 18 6 21 22 11 17
549 10 19 1 18 17 2 22 21 8 13 14
550 13 7 5 20 16 2 8 0 21 6 3
551 2 22 0 8 16 18 14 1 10 21 7
552 21 11 18 1 13 17 2 10 6 3 0
553 6 7 13 3 5 8 2 1 21 10 22
554 20 8 1 14 19 7 11 16 5 22 13
555 1 0 8 21 22 18 20 19 7 6 14
556 21 1 13 11 6 22 20 0 14 8 19
557 20 21 13 5 17 18 14 0 6 16 8
558 14 11 21 3 5 7 1 16 0 17 22
559 5 7 3 1 16 17 14 20 18 22 11
560 20 7 11 2 14 22 6 18 3 17 1
561 20 7 17 5 1 11 2 14 19 0 22
562 20 7 16 21 18 13 3 17 2 22 8
563 0 18 7 1 8 10 5 16 20 22 17
564 0 3 7 14 2 18 17 10 5 20 13
565 19 6 2 21 3 13 1 10 22 18 20
566 17 6 10 7 1 16 22 2 18 19 11
567 6 5 3 14 22 13 7 1 11 2 10
568 10 20 6 3 17 16 2 8 5 18 21
569 11 7 14 20 17 2 19 1 3 5 0
570 1 8 18 14 7 3 20 6 5 0 11
571 0 21 20 3 7 17 22 5 1 10 18
572 7 18 11 5 6 1 20 17 19 10 21
573 19 6 18 2 22 3 20 0 10 14 5
574 20 1 8 18 6 17 14 10 5 22 7
575 13 7 21 0 6 18 17 11 5 8 19
576 2 11 3 0 5 16 7 1 17 6 22
577 22 10 3 13 8 17 18 6 19 11 1
578 19 1 3 14 10 7 16 22 5 17 6
579 8 0 13 21 2 16 3 20 17 1 18
580 7 13 3 22 5 6 18 1 16 20 21
581 10 17 7 8 3 13 0 6 18
582 10 2 17 22 5 0 8 11 7 19 21
583 6 1 5 20 10 21 19 11 14 18 7
584 16 1 20 21 13 17 10 2 19 0 8
585 19 18 1 7 20 5 2 17 8 0 6
586 20 8 13 22 7 18 0 10 5 17 11
587 2 8 17 16 19 22 10 18 11 21 1
588 2 22 3 7 11 5 20 17 10 19 14
589 22 19 14 16 18 21 2 6 8 17 1
590 2 17 6 1 21 19 20 13 14 11 22
591 22 0 10 13 16 2 5 11 7 17 14
592 19 21 3 20 1 6 11 18 7 8
593 10 7 0 14 18 22 1 20 2 6 19
594 16 7 2 20 8 3 21 19 13 17 6
595 7 10 17 14 13 6 16 8 2 20 21
596 17 8 14 19 0 22 5 7 21 1 3
597 13 3 20 8 22 1 19 6 17 14 0
598 0 22 21 1 10 14 2 6 20 19 7
599 11 14 6 21 10 7 19 2 0 18 1
600 1 0 13 18 7 16 10 14 19 11 2
601 19 17 8 11 10 2 22 7 5 21 0
602 19 3 11 7 13 21 10 5 14 0 2
603 18 22 2 0 21 11 17 13 8 3 16
604 5 11 21 8 16 6 10 17 19 0 18
605 0 8 20 18 19 1 10 21 11 17 14
606 21 3 10 20 1 2 14 13 6 22 7
607 6 7 5 13 8 19 18 0 17 16 3
608 14 10 20 0 11 7 19 6 8 1 13
609 22 21 0 7 1 6 19 16 18 13 3
610 6 1 11 3 2 10 5 7 0 8 13
611 1 19 5 8 0 6 20 11 2 21 3
612 7 21 16 17 3 6 5 20 8 1 10
613 17 20 21 1 7 11 0 22 3 18 5
614 7 22 11 20 5 3 16 2 0 10 1
615 1 20 10 3 8 16 17 14 22 6 18
616 1 17 7 14 21 3 10 0 18 5 11
617 6 0 17 21 14 8 7 2 10 13 16
618 3 17 18 13 0 5 22 1 16 19 10
619 0 17 6 11 10 13 2 7 19 5
620 13 22 17 6 14 0 8 3 2 10 16
621 1 11 19 16 2 10 13 18 0 17 6
622 0 6 8 5 14 1 16 18 22 3 2
623 5 21 3 0 1 10 19 7 20 22 11
624 17 16 3 8 5 10 1 18 11 0 20
625 5 8 7 17 22 18 6 16 10 0 20
626 1 8 6 5 20 2 0 11 16 13 14
627 19 14 18 8 2 10 0 22 5 16 13
628 20 14 3 19 5 22 6 11 13 2 18
629 17 6 5 3 14 19 18 2 21 1 8
630 21 5 16 11 14 17 3 13 19 20 0
631 17 14 22 13 10 1 6 2 19 11 16
632 10 19 8 13 1 18 16 20 2 3 14
633 14 2 13 19 6 3 18 10 22 0 11
634 14 20 6 17 2 5 22 16 13 3 1
635 7 0 2 10 18 1 17 3 20 13 16
636 10 6 1 22 18 17 7 5 11 3 2
637 22 19 8 20 7 21 18 14 11 1 2
638 1 6 7 17 5 11 0 16 21 10
639 5 14 21 18 8 17 22 1 2 16 7
640 20 8 0 14 6 16 18 7 1 10 5
641 6 0 17 18 5 20 13 7 1 19 21
642 1 10 0 20 3 17 16 14 7 6 11
643 2 0 16 5 8 21 14 1 13 19 3
644 21 2 16 0 11 22 14 18 19 10 13
645 1 3 22 19 18 16 21 14 13 6 10
646 11 0 10 18 16 13 5 20 17 22 8
647 14 5 17 3 10 20 16 1 11 6 7
648 18 20 7 6 2 10 21 11 14 17 8
649 6 19 21 22 5 10 20 17 11 1 8
650 1 19 7 3 0 10 20 18 6 21 22
651 8 16 18 10 7 17 1 13 5 11 21
652 1 17 16 10 14 11 13 22 19 2 18
653 1 17 6 2 20 13 19 22 14 10 16
654 14 11 1 2 8 19 20 22 21 3 17
655 3 20 11 10 5 18 0 17 6 2 1
656 2 16 18 22 0 14 5 19 21 7 17
657 8 0 17 21 18 6 11 20 13 3 19
658 13 5 2 1 20 3 6 14 22 18 11
659 5 3 20 1 18 22 17 14 7 6 2
660 22 11 2 5 6 8 10 1 3 17 19
661 14 3 16 20 21 22 10 8 6 5 17
662 21 2 18 5 20 6 8 17 10 0 11
663 6 20 19 21 5 17 16 14 8 10 1
664 16 5 10 0 7 22 1 6 18 17 3
665 17 22 13 0 19 2 10 14 1 16 6
666 3 19 16 13 14 2 22 0 20 7 10
667 3 8 2 13 10 19 0 5 1 20 7
668 3 0 8 10 5 18 17 16 7
669 3 7 5 13 17 6 22 19 8 14 2
670 19 0 22 8 5 7 10 2 16 11 3
671 19 21 11 10 22 6 5 7 14 3 20
672 0 8 1 17 18 20 7 19 5 10 2
673 20 13 19 8 3 7 6 2 10 1 5
674 21 3 20 17 8 5 19 22 7 14 2
675 10 5 8 2 18 19 21 11 13 14 3
676 19 8 1 7 16 17 6 5 0 18
677 1 20 5 19 18 10 11 0 6 8 13
678 21 13 11 20 1 7 19 6 22 5 8
679 17 6 7 5 16 13 14 20 22 11 2
680 0 7 3 18 2 8 14 21 5 17 20
681 7 16 17 18 6 0 1 11 14 20 8
682 18 19 7 6 5 21 20 3 11 8 1
683 7 21 2 17 6 0 1 10 16 13
684 11 1 18 8 17 21 16 10 0 19
685 16 14 6 0 2 11 5 3 22 1 18
686 10 7 1 17 16 14 0 3 18
687 21 5 2 20 11 19 14 22 10 18 3
688 5 17 8 16 20 0 6 13 22 1 18
689 1 5 16 7 10 8 17 20 19 0 3
690 20 14 6 1 3 16 8 5 18 22 7
691 11 16 3 8 22 18 1 20 19 21 13
692 16 11 22 14 20 1 3 18 21 0 8
693 3 20 6 18 14 19 10 11 5 17 8
694 5 6 21 2 10 22 19 13 1 8 14
695 16 19 1 11 0 20 10 8 21 5
696 6 3 8 19 5 13 2 14 10 17 16
697 21 18 5 19 20 14 0 11 17 1 8
698 0 11 8 10 19 17 16 18 20 7 5
699 6 11 21 19 8 17 2 0 5 13 3
700 7 11 0 17 13 8 5 22 10 2 18
701 11 8 17 14 22 3 18 6 10 7 2
702 22 16 8 20 10 21 17 0 6 5 11
703 6 7 20 22 18 2 10 11 13 0 14
704 5 1 22 13 0 18 14 21 16 6 17
705 13 14 8 0 22 5 18 3 19 10 2
706 20 22 21 6 14 19 18 10 8 13 16
707 19 10 20 0 17 3 8 1 16 21 13
708 17 16 3 22 0 6 10 11 7 20 18
709 2 16 3 1 10 18 6 22 7 21 19
710 10 16 18 0 5 14 2 13 21 3 6
711 1 21 19 0 22 7 16 14 2 8 20
712 16 6 0 8 3 18 14 13 2
713 14 7 19 20 16 10 1 13 3 5 2
714 17 8 19 11 2 1 14 22 5 18 13
715 1 3 8 21 16 10 20 11 19 14 0
716 17 6 7 3 11 0 10 18 5 2 14
717 14 1 19 2 7 21 0 22 3 11 17
718 18 14 7 8 13 6 3 1 17 22 0
719 5 22 1 21 17 7 8 16 11 0 19
720 3 0 18 21 2 22 10 20 14 16 7
721 19 2 13 21 14 11 3 7 8 18 17
722 2 14 11 16 13 20 1 21 22 0 19
723 11 19 22 10 17 8 18 0 2 6 14
724 19 6 7 13 3 0 10 17 2 22 14
725 5 11 21 18 3 1 22 7 2 13 8
726 20 7 5 17 16 8 21 6 1 0 18
727 3 16 19 18 14 21 10 20 1 13
728 7 0 6 16 14 8 13 5 17 11 21
729 10 8 7 14 16 21 19 11 13 18 1
730 7 21 1 5 14 0 22 11 6 20 19
731 10 6 0 17 20 7 3 11 21 5 8
732 7 6 11 2 19 17 20 0 1 18 14
733 20 8 19 7 5 22 10 11 14 18 1
734 21 14 18 6 5 10 20 2 1 7 22
735 11 21 20 18 22 5 3 17 10 1 14
736 13 1 0 7 5 18 16 3 17
737 10 14 3 20 7 17 16 21 0 22 2
738 17 20 18 3 11 5 8 6 21 19 2
739 2 18 11 16 3 0 14 5 7
740 10 2 11 22 3 18 14 16 19 13 5
741 10 21 2 7 17 16 13 11 22 20 1
742 2 7 19 1 14 13 16 5 17
743 5 0 14 7 11 13 22 18 16 21 3
744 13 11 20 5 16 18 1 22 17 10 2
745 3 2 18 10 11 8 14 16 6 21 19
746 13 10 7 16 22 14 1 2 21 19 20
747 11 5 19 14 6 21 22 10 7 13 2
748 3 21 19 7 17 10 6 1 13 20
749 21 17 5 1 6 0 11 18 7 3 19
750 10 0 11 22 20 16 5 2 19 17 18
751 5 16 3 11 0 8 13 14 10 17 1
752 13 21 19 10 2 0 8 16 20 11 1
753 13 14 19 1 3 20 11 2 10 22 6
754 14 8 7 0 20 11 19 5 13 2 17
755 5 22 0 8 1 20 18 17 3 7 13
756 8 17 6 2 19 10 14 3 5 16 20
757 21 8 7 0 22 20 16 3 1 6 2
758 3 17 16 18 13 8 10 6 7 11
759 18 22 1 20 0 11 16 19 14 21 3
760 10 18 3 22 16 19 2 1 11 20 0
761 20 11 0 17 21 7 14 13 19 18 6
762 8 20 10 7 2 0 21 6 13 14 19
763 18 1 16 2 3 10 5 11 22 20 8
764 1 16 14 7 13 6 5 0 22 3 10
765 11 16 20 1 19 8 14 17 3 13 2
766 2 7 13 21 19 16 20 18 8 14 6
767 7 3 11 10 22 13 2 6 5 21 20
768 22 13 20 17 10 8 1 21 6 18 16
769 20 7 6 0 2 21 10 8 5 16 3
770 11 16 6 1 7 18 8 14 5
771 19 8 20 5 3 11 6 16 21 18 13
772 20 11 21 8 19 17 22 5 10 13 1
773 22 16 5 8 19 21 2 3 0 14 6
774 7 17 20 5 16 2 10 18 3 6 1
775 7 20 19 1 17 10 3 22 16 18 21
776 5 1 21 11 16 20 22 10 19 3 18
777 10 19 3 6 16 17 7 8 14 20 11
778 9 12 7 22 11 18 14 19 21 16 20 1
779 21 0 22 3 10 9 18 19 1 7 20 17
780 5 20 10 11 14 21 16 18 1 0 17
781 13 17 5 1 21 2 6 3 7 22 8
782 10 11 20 1 8 3 14 19 16 2 13
783 8 20 16 22 1 17 19 21 2 0 6
784 17 2 6 18 10 21 0 3 11 19 5
785 11 7 10 14 5 16 6 22 1 13 20
786 22 7 17 16 13 0 1 19 10 14 5
787 21 17 2 7 3 14 11 22 10 6 19
788 10 11 14 19 0 7 5 8 20 21 6
789 0 5 18 3 8 19 20 10 13 1 6
790 5 14 17 18 10 19 11 6 7 16 13
791 16 20 21 1 14 10 22 18 3 5 0
792 8 3 13 18 0 2 7 5 10
793 16 5 13 6 20 10 0 21 8 3 11
794 7 0 20 8 3 17 13 14 1 10 6
795 6 19 8 18 14 7 16 0 21 17 3 1
796 21 10 5 3 11 17 18 22 20 16 1
797 1 5 0 3 2 7 22 13 17 20 8
798 5 16 21 3 22 0 6 8 20 11 10
799 19 5 2 22 21 3 6 7 0 14 17
800 0 5 2 19 10 3 13 21 1 16 6
801 21 17 20 10 8 2 1 7 16 22 18
802 17 16 5 8 2 19 20 0 1 22 21
803 13 10 14 6 22 11 5 18 0 17 20
804 5 2 21 1 6 3 22 16 18 0 13
805 11 7 13 17 6 3 1 14 8
806 16 14 18 11 1 17 5 9 0
807 20 17 7 18 19 13 22 10 11 5 3
808 10 8 11 7 19 18 6 14 17 16 22
809 16 21 1 17 0 5 14 18 6 22 13
810 14 2 1 0 3 10 13 7 17 8
811 20 7 22 8 5 0 14 13 11 1 2
812 13 5 22 8 16 21 14 7 6 2 19
813 18 21 19 8 5 14 13 16 2 20 0
814 3 5 18 6 17 11 21 14 8 1 13
815 2 13 1 20 11 10 7 17 14 21 18
816 6 3 8 5 10 17 0 13 21 16 1
817 22 20 14 6 3 8 11 16 5 2 1
818 22 16 1 20 11 13 10 19 3 14 6
819 10 3 14 8 17 19 13 6 18 2 16
820 6 2 7 13 8 17 22 20 3 16 18
821 17 13 16 21 2 8 3 14 1 18 19
822 7 6 8 18 19 3 1 22 20 0 17
823 0 10 20 19 18 21 17 14 5 1 2
824 6 2 14 21 11 3 1 18 22 17 7
825 10 21 7 1 2 14 5 22 11 3 13
826 14 19 3 18 11 21 5 2 10 13 22
827 0 10 22 18 19 11 21 2 6 13 3
828 7 11 0 18 1 5 10 14 20 3 13
829 0 13 2 19 8 18 14 17 21 16 6
830 6 7 0 20 19 16 14 5 13 10 11
831 7 6 3 16 14 8 0 22 18 21 11
832 13 16 21 8 7 14 11 6 10 19
833 11 18 13 21 7 17 2 3 6 5 8
834 21 0 8 22 16 3 18 2 17 7 6
835 20 5 1 16 19 22 7 8 11 10 17
836 11 8 20 14 22 3 13 5 18 10 2
837 0 22 10 18 3 5 13 21 20 2 16
838 21 5 8 10 17 2 19 11 13 14 20
839 19 14 5 10 16 13 3 6 1
840 22 19 11 20 14 1 13 3 0 18 7
841 17 19 14 8 10 0 6 1 18 16 13
842 13 8 0 6 14 19 1 17 5 22 11
843 11 5 20 2 17 10 13 18 8 0 6
844 1 22 17 14 3 5 16 2 11 20 13
845 17 21 10 6 22 13 0 1 8 20 16
846 3 5 8 0 13 10 6 14 11
847 13 0 1 2 14 17 5 16 19
848 8 11 0 17 2 22 16 1 13 21 10
849 0 2 21 5 18 1 11 16 13 7 10
850 19 6 1 22 8 13 18 10 3 2 0
851 18 6 14 19 17 8 3 10 13 0 1
852 17 2 6 0 11 10 20 7 21 5 8
853 11 10 3 19 6 17 7 22 13 5 14
854 8 3 19 11 13 0 18 16 14 20 6
855 6 0 3 2 13 16 18 14 21 22 17
856 3 2 20 8 16 19 0 1 14 7 10
857 22 18 5 10 1 16 6 11 0 7 3
858 2 13 17 0 14 19 5 1 8 18
859 5 11 2 0 14 21 7 1 10 8 3
860 16 1 7 13 18 0 20 8 14 22 21
861 14 11 21 17 0 6 8 19 7 2 22
862 11 14 18 1 8 17 13 3 6
863 16 6 11 10 19 17 18 20 8 2 7
864 5 20 18 3 8 0 6 11 14 13 19
865 1 2 14 18 16 19 3 13 5 0 6
866 5 10 21 2 18 11 16 6 7 3 17
867 18 8 2 21 6 5 14 22 1 11 7
868 22 1 13 18 21 11 10 19 16 14 5
869 9 8 2 1 18 21 20 3 0 14 12 11
870 6 20 21 7 8 5 13 19 3 17 0
871 14 18 8 11 7 22 3 21 17 5 16
872 2 14 0 7 3 6 13 11 19 8 20
873 0 13 14 10 22 19 20 3 5 21 17
874 2 21 20 14 6 8 16 17 13 1 5
875 5 16 18 1 20 17 7 21 3 6 8
876 8 20 18 1 6 16 13 7 3 5 22
877 3 2 16 8 6 1 19 21 11 0 18
878 5 7 10 17 16 11 21 2 8 0 1
879 5 21 14 11 19 22 13 17 16 18 2
880 11 2 3 19 1 13 17 6 0 22 7
881 2 13 7 10 18 20 0 16 19 14 22
882 6 11 1 5 0 14 19 18 21 8 10
883 18 14 13 21 16 3 10 17 7 5 20
884 6 8 5 1 7 18 20 13 16 21 0
885 11 7 20 18 1 13 16 10 14 17 8
886 16 19 1 17 6 2 22 10 13 0 21
887 7 0 5 22 1 10 21 14 2 11 16
888 22 11 8 6 13 18 14 0 21 20 5
889 3 22 7 21 6 2 16 13 19 17 8
890 21 16 2 17 7 14 10 6 20 1 13
891 6 13 5 19 10 22 8 2 20 1 17
892 21 17 19 5 10 8 1 7 6 13 3
893 7 10 11 8 20 14 22 6 17 21 18
894 2 7 10 21 14 11 0 1 17 22 20
895 13 14 3 1 2 6 0 5 10 22 16
896 10 2 7 11 8 5 1 13 0 18 3
897 3 7 21 8 17 22 6 10 20 13 14
898 21 0 22 18 16 7 17 19 10 13 2
899 7 18 6 16 11 1 8 13 0 17 10
900 21 18 13 11 17 14 16 0 5 6 2
901 2 5 0 14 13 21 18 20 22 19 16
902 8 5 1 11 20 17 16 18 7 21 14
903 3 14 16 8 17 7 5 2 0
904 0 20 21 18 2 7 17 10 8 16 14
905 16 2 19 20 3 1 6 18 11 8
906 10 21 8 17 11 3 19 16 6 2
907 11 2 1 13 7 3 17 16 21 6 5
908 11 8 16 1 3 7 21 22 14 20 6
909 19 8 10 1 22 18 2 0 5 14 17
910 14 17 13 1 10 6 19 0 21 22 20
911 0 11 20 14 8 19 21 2 17 1 16
912 14 1 17 16 3 20 18 0 10 21 22
913 0 21 3 7 19 17 20 18 10 1
914 2 5 3 0 14 11 7 6 17
915 2 7 11 3 1 10 22 6 16 17 8
916 17 8 10 1 3 5 22 7 0 16 20
917 7 16 6 3 20 11 5 10 18 19 13
918 16 5 21 6 20 19 11 17 2 1
919 14 17 19 18 6 5 22 16 1 21 13
920 17 13 11 20 18 8 1 14 2 16 5
921 0 19 5 16 13 3 14 6 7 17
922 1 10 16 19 22 0 5 6 20 18 2
923 20 14 16 7 5 19 13 21 6 17 22
924 2 10 0 5 7 18 8 19 1 14 13
925 2 18 22 20 0 11 7 17 13 16 6
926 14 2 18 1 16 21 0 8 3 19 20
927 3 14 2 11 19 1 8 10 6 9 16 5
928 7 14 17 20 22 5 6 0 8 10 19
929 0 14 13 11 6 20 5 10 18 22 3
930 8 3 13 16 1 5 18 6 14
931 3 21 13 5 8 11 16 0 14 2 17
932 10 20 3 1 18 14 11 19 13 6 22
933 20 1 5 10 11 3 18 22 0 13 8
934 22 2 8 16 5 20 14 7 19 21 3
935 17 2 20 10 5 1 13 14 19 8
936 18 20 7 2 22 6 16 5 0 8 19
937 20 22 13 2 10 0 7 3 16 11 21
938 7 21 8 3 19 5 11 0 14 1 2
939 20 3 17 0 8 14 9 19 16 18 10
940 14 17 13 22 1 16 0 19 21 5 7
941 13 2 8 14 6 0 16 22 18 21 17
942 19 10 14 3 7 22 6 17 5 0 11
943 17 18 3 19 21 11 6 0 8 10 16 2
944 3 16 14 18 17 1 20 2 21 10 22
945 2 13 3 20 17 18 19 10 5 14 1
946 10 3 14 18 6 1 2 17 11
947 19 1 7 5 21 2 6 18 3 20 10
948 5 22 14 2 19 13 7 0 11 3 21
949 20 19 5 22 6 1 0 14 18 10 21
950 3 11 13 20 2 5 17 0 18 8 1
951 7 1 20 6 17 18 5 3 16 22 19
952 5 13 22 10 21 8 3 1 19 2 20
953 14 18 2 5 17 0 21 6 11 3 16
954 18 7 5 0 8 16 21 19 22 10 1
955 17 2 1 16 3 14 11 5 7 22 21
956 3 8 22 0 6 11 13 7 1 17 10
957 17 21 2 7 19 18 20 14 0 1 3
958 18 22 5 7 21 10 8 11 20 6 1
959 8 10 2 3 17 1 14 19 0
960 11 22 16 18 17 14 0 7 2 20 5
961 22 17 13 7 0 21 3 19 14 5 11
962 18 17 22 2 8 11 19 10 20 21 13
963 19 8 22 2 21 3 11 13 6 7 0
964 13 21 11 17 10 19 1 5 18 6 16
965 6 0 10 18 13 20 5 14 19 7 11
966 7 0 20 10 2 22 5 11 18 21 19
967 18 8 11 20 5 7 0 21 14 13 6
968 18 3 7 11 10 2 19 20 14 8 16
969 18 10 11 14 3 13 16 6 0
970 19 18 6 2 20 16 5 8 14 7 3
971 13 2 14 19 18 21 16 5 10 20 6
972 19 22 0 1 17 20 8 5 14 6 10
973 6 8 16 7 0 17 10 2 19 11 21
974 1 17 3 2 0 22 14 11 10 21 20
975 14 8 16 5 11 19 2 22 20 18 17
976 17 13 3 16 8 19 20 14 0 5 2
977 16 10 14 2 11 22 3 6 0 20 21
978 14 20 7 8 6 16 0 2 3 18 1
979 16 8 2 6 3 19 11 5 14 1 7
980 11 19 8 22 5 18 13 7 21 14 20
981 20 8 21 5 19 13 16 22 1 6 18
982 7 11 17 22 19 2 0 1 14 10 21
983 11 5 8 2 20 0 7 22 19 10 13
984 16 7 20 1 18 3 8 6 17 21 5
985 2 6 17 10 13 21 18 1 20 16 22
986 6 11 13 7 3 0 22 18 19 21 1
987 8 1 13 20 18 16 7 22 11 17 21
988 5 14 13 19 21 2 1 6 3 11 17
989 0 16 6 20 21 11 2 8 18 13 17
990 2 16 3 18 14 10 0 6 7 20 17
991 16 11 22 1 6 0 14 21 13 20 3
992 19 10 13 6 11 16 1 2 5 18 17
993 2 7 20 10 22 1 11 6 0 5 17
994 20 6 16 19 0 3 17 14 1 7 13
995 16 21 17 11 0 19 14 1 13 6
996 10 8 2 6 17 5 13 20 14 22 18
997 21 18 8 14 10 17 5 11 22 19 16
998 20 5 10 13 14 19 0 16 1 22 3
999 19 3 20 17 14 21 8 22 0 13 2
1000 22 5 16 2 10 0 7 17 20 18 11
1001 10 19 6 14 5 17 8 2 1 13 11
1002 18 20 11 17 21 5 14 16 3 19 6
1003 17 3 1 0 5 10 7 19 22 14 21
1004 10 1 14 17 3 2 5 0 18
1005 8 2 13 10 5 18 7 6 16
1006 1 19 17 13 11 22 10 0 6 3 7
1007 17 21 13 8 11 20 18 16 19 1 7
1008 20 14 3 6 19 7 8 2 1 13 10
1009 22 3 13 11 17 0 5 2 10 14 16
1010 14 0 7 22 17 11 21 18 20 2 6
1011 7 21 5 0 22 6 13 3 10 11 14
1012 8 17 3 11 6 0 21 20 19 13 18
1013 8 6 17 3 10 19 1 18 2 7 5
1014 3 0 14 10 22 17 20 19 18 5 8
1015 21 7 2 8 13 19 1 22 17 0 11
1016 7 11 13 10 5 0 16 2 8
1017 16 6 17 14 5 1 2 8 7 21 0
1018 0 14 17 8 21 11 22 18 6 19 16
1019 21 1 16 7 20 8 5 18 13 14
1020 3 8 16 11 21 7 13 20 0 18 10
1021 17 6 1 13 2 21 0 5 14 16 19
1022 13 10 14 5 8 22 2 19 3 7 1
1023 6 19 14 18 17 0 2 16 3 13 22
1024 10 1 5 14 16 0 19 2 8
1025 21 2 13 0 11 6 1 5 7 8 14
1026 16 13 3 14 19 20 17 8 21 2
1027 17 1 2 20 7 11 13 21 0 3 22
1028 1 2 20 18 16 0 11 6 8 7
1029 19 6 14 2 18 3 13 10 11 1 8
1030 6 10 5 22 20 0 8 7 11 2 18
1031 1 8 11 16 7 22 10 2 6 0 21
1032 3 22 6 10 2 17 21 19 18 16 20
1033 8 2 18 7 0 6 1 20 19 10 13
1034 0 18 1 19 3 16 6 2 7 11 14
1035 7 8 18 2 3 6 14 11 13
1036 1 14 21 6 5 11 3 8 0 13 22
1037 2 7 0 10 6 20 21 13 5 16 22
1038 14 13 11 18 10 3 1 2 16 8 17
1039 19 1 21 17 16 22 3 20 2 18 8
1040 13 5 8 21 19 6 16 3 20 1 22
1041 0 18 21 1 11 14 22 19 7 20 6
1042 14 16 19 6 11 3 2 0 18 13 8
1043 7 0 3 18 8 11 1 2 20 5 17
1044 8 19 10 22 7 18 5 3 14 2 17
1045 8 3 7 6 0 5 13 1 18
1046 3 14 11 17 1 5 18 6 0 16
1047 10 22 17 13 6 16 2 0 19 3 18
1048 18 17 5 7 13 14 11 0 3
1049 13 7 6 16 10 8 20 18 2 21 14
1050 22 8 16 21 14 3 18 20 2 17 0
1051 3 11 10 5 19 1 2 18 13 0 7
1052 8 2 17 5 7 21 22 14 11 3 13
1053 20 3 17 18 10 0 22 6 5 1 19
1054 5 13 8 17 2 1 0 10 6 3 18
1055 19 17 20 5 14 3 8 7 0 6 1
1056 11 21 5 17 22 16 7 6 19 20 14
1057 19 8 3 5 17 22 16 21 10 0 18
1058 16 1 20 11 8 6 22 2 10 18 5
1059 10 19 11 20 14 0 18 8 7 6 17
1060 10 7 5 2 18 14 21 17 11 13 19
1061 6 8 7 10 16 11 20 22 13 19 21
1062 10 14 18 22 1 20 7 8 19 6 17
1063 10 19 5 17 22 0 21 14 2 8 18
1064 19 22 14 21 20 10 3 11 17 8 6
1065 10 11 18 8 19 6 16 1 3
1066 6 14 8 1 2 7 13 17 11
1067 8 16 17 21 13 6 10 3 18 20 0
1068 8 10 1 2 18 13 7 22 5 0 14
1069 17 6 13 19 2 5 11 7 1 3 21
1070 3 1 19 0 2 17 14 11 8 6
1071 11 10 21 0 19 2 17 7 20 8 22
1072 16 18 3 2 14 20 0 8 11 21 17
1073 14 2 11 17 22 18 21 8 0 3 5
1074 7 20 10 21 8 3 5 19 6 22 1
1075 18 10 6 1 2 14 0 8 17 7 3
1076 16 6 5 3 2 10 20 8 22 7 19
1077 11 3 6 7 16 13 10 8 14 18 21
1078 3 21 22 17 1 16 11 6 10 18 13
1079 11 18 17 6 5 7 14 3 13 20 2
1080 11 21 6 5 22 0 14 8 1 20 19
1081 6 16 10 5 18 0 1 2 17
1082 10 8 18 3 20 6 7 5 22 2 19
1083 13 18 3 5 20 11 2 16 6 21 22
1084 19 10 22 20 1 2 11 14 6 8 13
1085 5 22 8 0 7 3 2 11 13 6 21
1086 18 8 6 2 20 11 7 1 14 17 16
1087 20 13 21 19 17 5 8 10 6 7 1
1088 13 0 3 2 5 10 11 21 22 1 14
1089 21 1 13 20 6 19 8 18 11 3 14
1090 14 21 20 5 2 17 15 8 6 19 18 11
1091 18 8 20 7 2 3 6 19 17 10 16
1092 22 21 19 0 14 13 3 17 8 20 10
1093 19 16 18 6 17 10 13 22 5 7 21
1094 6 2 18 19 13 10 14 22 1 20 8
1095 8 22 5 14 7 10 18 3 16 1 20
1096 5 19 13 20 22 18 21 11 14 2 8
1097 3 5 8 18 22 16 6 19 7 13 11
1098 2 8 20 6 10 14 16 22 0 19 13
1099 3 14 0 11 16 1 18 21 5 17 22
1100 18 16 5 1 0 6 13 17 8 20
1101 0 16 10 2 6 7 5 18 1
1102 8 2 17 11 16 7 19 18 1 10 22
1103 0 12 14 3 2 1 16 19 5 18 9 17
1104 14 20 22 19 11 0 6 8 18 5 7
1105 7 17 14 6 10 5 2 8 18 16 20
1106 5 8 11 16 20 0 19 17 7 13 2
1107 0 7 19 17 10 8 22 21 20 16 3
1108 14 0 22 6 13 19 8 7 18 3 5
1109 20 16 6 1 21 11 2 3 8 14 18
1110 22 7 2 21 0 3 20 16 13 11 6
1111 8 3 5 13 1 10 14 17 18 0 19
1112 3 13 6 16 21 18 5 8 0 10 2
1113 18 3 5 8 0 13 11 16 2
1114 1 3 19 18 8 6 20 10 17 13 14
1115 8 1 21 7 3 19 11 2 5 14
1116 21 17 1 6 0 18 16 13 2 20 22
1117 2 18 16 10 0 21 7 11 1 5 19
1118 17 18 6 5 2 13 3 22 11 19 10
1119 5 11 6 13 20 16 0 1 21 19 7
1120 13 6 16 2 5 8 18 17 7
1121 6 11 16 10 0 13 5 22 14 21 18
1122 18 16 10 11 22 13 7 1 3 8 17
1123 19 11 14 3 5 15 2 20 12 6 8 1
1124 8 0 18 17 10 7 2 21 16 20 1
1125 0 22 16 5 3 14 7 10 13 20 17
1126 22 17 0 8 6 10 18 16 5 3 2
1127 17 14 13 10 8 18 6 5 11 16
1128 5 19 0 6 20 11 13 21 2 18 16
1129 17 14 13 20 19 6 8 5 10 11
1130 6 7 3 20 2 1 18 19 5 14 0
1131 11 3 1 10 7 18 5 14 20 13 0
1132 14 2 11 5 20 17 0 16 10
1133 3 7 21 19 11 22 13 5 16 1 17
1134 8 1 10 14 13 19 5 22 11 7 16
1135 0 22 19 1 11 6 20 10 2 17 18
1136 1 10 11 7 21 20 16 8 17 0 22
1137 21 13 22 18 8 14 3 10 19 16 17
1138 20 1 16 10 8 0 2 22 18 13 7
1139 21 0 19 20 5 8 14 18 17 7
1140 19 5 14 7 2 16 3 10 8 21 17
1141 22 7 11 16 10 6 0 3 13 20 14
1142 11 8 19 21 10 14 5 6 3 17 13
1143 14 6 18 8 0 2 5 16 10
1144 14 18 13 1 6 7 22 20 0 8 2
1145 14 21 3 8 17 6 7 18 10 22 19
1146 11 6 7 5 8 3 10 16 1
1147 20 17 7 3 11 14 13 18 5 10
1148 3 7 17 21 13 11 18 5 1 22 6
1149 16 11 13 1 19 18 6 5 2 21 20
1150 21 11 16 19 5 10 17 0 1 3 6
1151 18 20 19 3 11 21 14 1 2 6 16
1152 13 3 16 2 6 5 7 18 1
1153 22 21 11 20 6 16 13 2 19 3 7
1154 5 17 19 16 10 3 20 21 6 2 8
1155 8 6 17 13 10 1 11 16 7
1156 18 7 17 11 8 22 19 21 3 0 6
1157 6 3 16 18 11 17 7 20 14 8 22
1158 10 18 2 17 20 11 3 1 16 7 22
1159 20 22 10 16 8 3 19 11 6 17 1
1160 13 18 11 6 10 19 17 5 0 21 22
1161 1 17 11 6 3 10 20 19 21 16 13
1162 14 1 2 5 7 8 6 0 11
1163 14 18 2 6 10 20 22 1 11 7 16
1164 10 1 21 11 19 0 3 14 16 17 22
1165 10 21 20 14 0 7 8 2 18 16 22
1166 22 2 16 3 6 21 5 17 11 10 7
1167 8 0 20 19 10 17 22 18 21 2 16
1168 19 16 5 2 0 10 3 7 14 21 11
1169 13 17 10 19 11 16 14 18 22 1 8
1170 14 3 21 22 11 8 13 19 10 6 20
1171 10 21 1 0 20 7 8 16 22 6 18
1172 2 17 11 16 14 20 7 8 21 3 6
1173 6 3 5 2 18 21 11 19 17 22 0
1174 8 6 18 11 7 19 17 20 13 5 16
1175 5 17 6 18 2 16 22 20 11 1 8
1176 7 6 2 8 0 19 3 22 14 13 21
1177 5 0 16 6 17 21 20 22 7 10 14
1178 20 19 0 14 10 16 2 7 22 1 13
1179 16 17 13 14 5 1 20 11 3 22 21
1180 2 22 1 0 16 18 14 5 19 17 10
1181 14 18 13 19 8 1 6 3 21 11 10
1182 19 1 11 3 5 2 20 16 14 6 22
1183 22 20 16 8 10 21 0 6 1 13 17
1184 16 1 19 8 13 10 22 20 2 5 7
1185 5 1 14 18 2 22 3 20 10 6 13
1186 16 0 13 7 20 17 22 10 19 3 6
1187 20 10 7 18 2 16 17 5 19 8 14
1188 7 18 8 20 3 2 10 0 13 16 17
1189 14 2 13 18 8 11 21 5 7 3 6
1190 21 11 22 8 19 16 3 14 6 13 10
1191 3 5 14 10 6 19 13 1 18 11 7
1192 21 13 20 3 8 1 22 18 16 0 5
1193 17 6 19 11 7 20 22 2 18 8 16
1194 18 6 22 20 16 1 0 8 19 21 2
1195 17 22 16 19 8 2 5 13 21 0 11
1196 0 16 3 2 18 5 13 22 7 14 17
1197 22 10 0 1 21 19 13 5 11 18 6
1198 11 1 14 22 3 2 21 17 7 13 19
1199 20 2 17 11 22 19 14 21 3 0 8
1200 18 19 17 13 7 16 2 1 21 6 5
1201 11 13 0 7 6 10 5 8 20 16 21
1202 13 1 16 8 0 18 17 7 19 3 20
1203 7 11 0 18 16 1 10 6 2 20 13
1204 7 6 21 11 5 2 8 0 22 14 1
1205 3 13 8 5 6 19 11 22 2 14 18
1206 6 17 13 2 14 1 21 8 0 3 11
1207 20 16 17 19 1 7 3 18 13 11 10
1208 7 5 0 10 13 2 14 6 18 3 8
1209 7 14 10 11 3 0 20 16 21 2 19
1210 22 11 13 16 20 18 6 3 8 2 5
1211 17 20 0 21 3 22 16 2 6 18 13
1212 5 10 17 19 6 11 2 7 8
1213 6 10 1 5 22 20 14 16 19 18 7
1214 3 17 13 1 16 7 14 20 19 0 11
1215 13 17 3 11 1 19 16 10 6 18 2
1216 10 20 0 3 7 8 17 6 14 13 16
1217 5 16 1 10 18 19 21 20 0 2 7
1218 8 17 13 6 22 1 2 16 5 3 7
1219 8 13 11 22 1 6 2 10 20 21 7
1220 22 0 7 20 16 13 5 8 21 19 18
1221 3 6 20 5 1 21 8 7 0 18 14
1222 8 3 21 19 16 22 14 1 0 10 13
1223 3 7 6 14 13 8 16 11 0
1224 19 0 2 20 8 22 3 16 6 7 17
1225 8 17 1 6 14 3 13 11 2
1226 5 3 11 2 18 8 1 17 19
1227 6 3 1 2 16 22 5 18 7 17 14
1228 6 8 17 11 13 19 0 1 5 18 22
1229 17 14 8 22 16 21 0 18 5 19 13
1230 22 21 17 3 7 13 1 6 14 8 10
1231 5 0 17 21 3 1 18 9 22 2 19 10
1232 3 5 19 18 17 1 2 20 16 13 22
1233 10 16 7 20 1 17 22 3 18 11 0
1234 8 2 20 0 11 17 22 18 3 6 1
1235 18 3 8 7 13 17 6 19 2 21
1236 18 8 2 6 13 0 19 7 14 10 17
1237 11 6 1 22 18 5 13 2 3 14 20
1238 3 13 22 5 19 1 17 11 14 16 7
1239 19 8 13 10 3 7 14 18 5 6 2
1240 16 5 6 14 11 1 3 20 17 19 21
1241 20 16 7 13 17 1 22 0 14 6 8
1242 20 19 3 7 18 5 11 21 16 22 17
1243 17 18 3 20 2 10 8 7 22 11 1
1244 16 1 7 0 6 5 3 19 2 14 13
1245 19 21 5 13 17 20 6 2 16 1 18
1246 19 1 20 3 0 13 5 18 6 14
1247 19 21 8 14 7 20 5 11 6 2 1
1248 22 16 18 17 8 6 2 7 21 1 5
1249 6 2 1 13 14 7 10 22 11 17 21
1250 1 7 14 18 11 22 19 6 16 17 2
1251 22 0 11 10 20 3 18 17 2 1 19
1252 16 17 10 18 1 6 3 7 0 20 14
1253 11 0 21 3 7 13 18 16 9 22 6 5
1254 18 13 2 17 10 5 22 1 21 7 19
1255 20 5 14 21 11 0 2 1 8 7 13
1256 19 14 6 2 10 13 11 5 1 22 20
1257 21 22 13 2 7 5 11 20 8 3 10
1258 6 13 3 11 0 1 7 20 2 8 14
1259 13 14 17 2 5 0 11 10 18
1260 11 16 8 0 5 21 1 18 19 22 2
1261 17 1 18 7 13 0 3 19 20 16 22
1262 18 14 7 3 1 6 5 22 2 19 20
1263 20 17 14 6 8 19 7 3 5 11 18
1264 21 5 14 16 10 20 19 0 11 8 1
1265 20 10 11 1 2 8 18 22 6 21 17
1266 0 14 5 13 19 20 21 10 2 3
1267 16 11 1 17 18 2 19 0 21 14 10
1268 0 3 8 20 17 13 2 19 7 11 14
1269 1 7 17 6 5 2 19 22 0 16 3
1270 0 10 19 8 11 1 17 16 21 13
1271 14 20 2 6 16 18 13 8 1 21 3
1272 2 8 1 7 18 20 0 17 3 6 22
1273 1 6 11 7 0 18 5 2 14
1274 2 19 3 16 18 21 10 5 13 20 17
1275 17 13 2 0 6 5 20 19 8 7 11
1276 19 5 6 7 8 22 13 0 3 16 17
1277 8 1 17 13 22 5 10 21 3 14 2
1278 7 8 2 5 1 17 11 18 14 21 19
1279 10 11 19 18 16 17 22 20 0 14 8
1280 14 1 11 18 6 8 3 10 19 5 22
1281 10 8 11 16 14 22 0 6 7 20 19
1282 6 8 22 17 2 3 14 18 1 5 19
1283 22 16 2 5 20 7 10 14 19 13 1
1284 13 22 16 8 0 21 2 20 3 1 10
1285 11 7 22 21 8 18 0 5 6 10 3
1286 0 13 17 8 1 19 10 7 3 21 2
1287 2 18 22 19 13 10 17 16 14 5 6
1288 18 0 21 5 1 7 11 14 19 16 3
1289 5 11 7 3 2 0 8 18 6 13 17
1290 10 13 19 6 1 16 18 3 20 2 5
1291 5 18 13 19 10 8 1 16 3 14 0
1292 20 0 7 14 1 21 11 22 17 16 19
1293 10 22 16 1 7 0 20 6 3 2 8
1294 21 3 19 7 13 20 8 6 5 22 2
1295 3 14 2 1 0 17 7 10 6
1296 11 13 14 18 5 3 20 10 16 6
1297 5 14 3 7 0 6 10 16 1 22 2
1298 11 2 21 1 0 22 14 17 16 6 19
1299 8 11 16 13 10 2 14 7 1 17 3
1300 7 18 21 14 6 16 1 11 22 3 19
1301 0 18 6 7 1 3 20 8 16 5 21
1302 2 20 18 22 19 8 0 21 14 5 11
1303 3 20 2 22 10 19 17 7 0 1 18
1304 17 14 11 13 5 8 16 3 21 20 7
1305 10 20 0 22 13 21 3 7 5 11 19
1306 11 16 8 10 19 18 17 13 3 5 1
1307 17 16 10 8 22 6 19 5 1 7 21
1308 17 11 7 3 6 14 1 19 20 2 13
1309 0 5 10 6 1 20 21 7 22 2 19
1310 14 0 1 13 17 19 7 5 6 8
1311 14 0 20 8 2 7 18 21 19 17 6
1312 6 1 22 8 3 2 19 0 14 21 16
1313 5 2 8 0 20 13 11 21 6 10 1
1314 11 0 1 5 21 19 7 3 18 6 2
1315 13 19 22 7 0 10 21 1 16 8 3
1316 20 2 18 21 7 19 17 3 16 5 8
1317 17 3 19 7 22 11 14 20 10 21 8
1318 17 10 16 0 19 5 2 22 6 1 11
1319 18 21 14 19 11 16 13 0 17 7 6
1320 5 22 21 2 17 7 0 8 10 20 11
1321 22 14 16 6 21 20 11 10 2 0 13
1322 0 18 11 17 14 3 1 7 6 21 5
1323 11 2 16 19 8 6 17 20 13 3 0
1324 6 13 11 22 5 14 21 20 0 17 10
1325 17 10 16 13 20 18 7 1 6 3 8
1326 2 19 18 14 22 11 21 13 3 6 16
1327 8 2 6 1 7 10 16 14 3
1328 17 1 21 0 14 7 13 18 16 22 8
1329 6 5 11 19 18 10 17 8 20 2 0
1330 3 13 18 1 17 16 5 2 21 19 8
1331 13 10 20 5 6 16 22 19 21 2 7
1332 2 18 8 16 1 21 14 17 13 10 22
1333 17 11 8 0 10 3 14 19 13
1334 20 14 1 6 0 11 7 2 22 21 10
1335 1 2 3 10 20 11 19 0 5 8 7
1336 16 2 18 21 10 0 14 13 22 17 6
1337 8 18 17 13 22 5 11 3 10 21 14
1338 21 7 14 2 17 8 6 19 20 3 1
1339 1 3 19 2 14 18 11 22 17 10 0
1340 14 20 1 3 17 13 6 0 11 22 16
1341 10 2 6 8 3 1 5 16 11 21 0
1342 3 14 11 17 13 5 16 20 2 10 6
1343 16 10 17 6 18 0 11 1 14 3 19
1344 5 22 14 6 7 17 13 16 3 21 18
1345 13 18 5 7 10 14 17 8 1
1346 14 7 5 16 19 17 0 6 22 3 13
1347 0 2 11 6 13 1 14 10 19 3 7
1348 13 10 2 3 16 20 17 6 7 5 18
1349 6 21 11 18 10 8 22 3 17 16 7
1350 16 2 0 11 20 3 13 18 22 10 5
1351 11 17 3 0 18 14 5 8 20 6 21
1352 22 2 21 1 6 19 18 14 10 7 16
1353 14 2 16 11 22 13 3 17 19 6 20
1354 8 0 2 1 21 13 11 18 22 17 6
1355 20 2 18 21 17 11 6 10 1 0 5
1356 8 0 5 19 2 18 3 13 22 21 10
1357 17 8 22 16 7 14 3 1 6 19 18
1358 8 10 2 18 7 16 17 6 19 21 5
1359 1 8 19 17 16 6 2 11 13 7 14
1360 17 8 22 1 16 5 2 3 11 6 21
1361 17 14 1 5 22 6 0 19 20 13 8
1362 8 20 3 7 6 19 11 1 21 18 16
1363 6 16 8 10 19 5 17 14 1
1364 14 18 2 17 1 7 3 20 21 10 8
1365 18 17 3 1 8 7 21 19 16 5 22
1366 20 18 21 0 10 2 5 1 17 19 6
1367 20 6 5 14 16 17 18 13 8 10 19
1368 21 1 10 13 17 0 7 11 5 18
1369 6 0 11 10 3 18 1 14 16 21 13
1370 18 5 6 8 7 19 1 13 17 14 22
1371 16 14 17 19 8 5 6 10 18
1372 10 5 16 6 20 18 17 14 8 19 13
1373 10 21 3 7 5 18 17 11 19 0 14
1374 2 10 5 6 21 16 20 8 11 17 19
1375 14 6 18 2 22 0 13 20 1 17 7
1376 19 18 0 10 17 5 7 13 1 6 14
1377 2 18 10 16 6 1 11 14 17
1378 16 8 19 13 3 20 1 5 6 2 7
1379 22 20 21 2 14 17 8 0 18 19 7
1380 19 13 16 11 21 10 17 2 7 1 18
1381 14 5 2 7 16 3 8 6 17 10
1382 13 19 7 8 14 0 11 16 22 10 6
1383 21 20 0 8 7 18 11 13 1 19
1384 16 13 0 10 2 20 3 22 8 11 19
1385 8 11 6 7 19 14 16 21 0 17 13
1386 21 7 8 2 5 10 3 13 6 20 0
1387 14 2 13 11 3 19 8 0 18 17 6
1388 13 19 3 8 14 22 17 0 11 10 1
1389 20 3 2 14 6 18 21 22 1 11 0
1390 16 17 8 14 0 11 13 1 6
1391 7 5 21 0 1 14 19 16 10 6
1392 6 10 16 8 17 1 14 18 0 20 7
1393 14 1 10 15 11 22 8 20 18 6 5 3
1394 21 10 1 8 11 18 14 0 7 17 20
1395 3 16 14 1 5 19 11 2 17 22 0
1396 1 2 3 8 14 18 7 22 5 16 11
1397 3 10 7 21 18 14 5 17 22 0 20
1398 8 14 16 21 22 0 1 7 5 6 20
1399 19 6 21 7 18 5 13 10 14 1 8
1400 0 3 16 7 17 6 13 5 1 22 14
1401 21 16 17 1 2 7 22 19 13 20 11
1402 20 3 22 7 2 19 6 13 11 21 1
1403 17 19 14 8 5 7 10 13 11 1 2
1404 0 6 3 18 8 19 22 20 2 16 11
1405 22 3 8 7 5 15 14 20 13 11 2 12
1406 16 2 1 8 0 6 20 21 22 11 13
1407 13 2 7 3 22 11 0 14 16 6 21
1408 5 1 21 11 13 16 6 10 0 2 17
1409 5 13 22 18 8 17 7 21 19 1 11
1410 11 20 13 2 18 14 1 16 17 3 5
1411 19 13 20 18 17 10 2 6 0 7 14
1412 18 2 22 17 8 20 0 5 11 21 16
1413 13 11 22 7 1 0 19 16 5 8 21
1414 18 1 10 14 7 6 2 3 16
1415 8 19 13 6 10 0 3 16 2 1 17
1416 17 18 14 22 8 1 6 16 21 19 13
1417 16 18 19 14 10 11 3 17 13 5 22
1418 18 20 17 10 13 21 5 1 22 11 0
1419 5 22 7 17 8 2 13 21 6 18 20
1420 14 20 5 10 3 2 19 0 22 17 1
1421 10 14 1 11 13 7 18 3 5 6 21
1422 17 16 1 10 13 11 18 7 14 20 21
1423 2 22 10 0 17 18 11 3 19 13 8
1424 22 21 6 0 7 17 16 18 1 10 8
1425 5 19 11 13 21 14 6 17 20 18 2
1426 14 13 17 0 7 20 1 3 18 10 22
1427 16 14 13 17 8 18 6 11 3 7 5
1428 6 13 14 20 19 3 10 2 1 22 5
1429 19 10 7 13 17 21 6 14 0 18 2
1430 2 22 6 10 20 1 0 21 16 18 7
1431 0 18 2 3 8 13 10 22 11 16 14
1432 22 20 3 19 0 2 6 21 8 17 13
1433 13 20 14 10 0 11 21 2 7 16 18
1434 13 19 17 14 0 7 6 16 1 5 8
1435 21 0 11 3 17 8 6 7 22 13 14
1436 11 10 1 17 0 5 2 8 3 14 6
1437 3 2 8 10 20 14 7 5 1 16 19
1438 18 13 20 6 0 10 21 17 22 5 11
1439 1 18 21 3 10 7 19 0 5 6 17
1440 17 14 7 2 22 1 6 18 10 16 21
1441 17 1 14 10 11 6 3 7 0
1442 16 2 17 7 18 13 19 3 11 14 6
1443 1 17 13 20 18 2 14 22 3 5 7
1444 19 13 7 1 0 10 5 18 22 3 6
1445 6 1 11 0 14 8 10 20 18 21 13
1446 6 2 5 17 19 8 7 3 14 1 20
1447 13 5 1 14 3 7 11 2 16 8 6
1448 3 10 11 21 19 1 5 20 18 6 13
1449 2 19 14 21 7 6 22 13 0 20 5
1450 20 21 7 1 17 5 11 13 18 2 19
1451 22 17 18 10 6 20 16 13 3 2 11
1452 5 2 18 1 17 16 8 10 6
1453 13 21 3 14 20 16 8 7 18 2 1
1454 19 8 17 11 6 7 20 3 1 16 0
1455 7 18 6 1 5 19 8 22 3 20 16
1456 7 13 22 14 17 21 18 11 20 8 0
1457 11 13 5 2 7 19 17 0 1 20
1458 2 7 3 0 16 20 22 10 17 21 1
1459 2 1 16 3 7 11 18 21 8 20 10
1460 14 20 19 11 5 21 0 1 6 22 10
1461 0 11 21 8 2 17 10 1 7 16 22
1462 17 3 7 0 2 16 20 22 14 8 1
1463 11 5 0 17 14 7 2 16 1
1464 18 2 11 10 21 19 16 6 0 17 1
1465 11 6 18 8 5 7 13 1 0 22 19
1466 6 20 7 13 0 5 14 16 18 1 17 21
1467 1 3 22 19 2 5 11 21 20 18 0
1468 0 19 18 3 14 17 21 7 10 5 2
1469 17 5 14 8 11 19 20 18 22 6 3
1470 6 0 1 2 5 21 11 10 7 3 19
1471 2 7 5 0 13 14 16 11 8
1472 13 2 19 18 14 6 17 20 0 7 8
1473 22 10 19 0 1 8 11 21 6 13 18
1474 1 11 6 5 0 14 18 10 3
1475 6 17 10 8 18 20 22 11 21 14 19
1476 2 3 6 10 21 1 11 8 5 22 19
1477 1 6 2 0 19 20 14 5 22 8 13
1478 14 20 2 21 11 5 13 7 1 18 22
1479 11 21 2 20 17 1 22 18 8 6 14
1480 11 21 8 17 18 10 1 2 5 22 20
1481 18 3 20 2 16 5 8 7 0 17 10
1482 20 17 19 1 22 5 11 21 0 3 16
1483 2 16 7 14 5 0 10 11 3
1484 10 16 1 8 3 7 13 0 14 6 5
1485 5 1 8 14 20 2 11 17 10 16 6
1486 5 19 8 10 21 14 3 0 20 22 7
1487 16 7 13 5 2 6 18 22 0 8 19
1488 7 6 14 16 19 10 3 20 2 0 22
1489 2 11 6 22 21 10 3 1 8 13 20
1490 3 8 14 13 17 21 16 19 10 22 7
1491 20 18 22 13 10 6 21 7 5 11 14
1492 16 11 19 21 5 3 10 0 2 18 22
1493 13 18 19 3 6 8 10 21 1 22 20
1494 11 20 16 1 21 6 7 5 3 0 19
1495 3 5 17 18 2 20 0 11 1 13 14
1496 11 22 7 17 14 18 3 1 16 2 20
1497 0 11 5 8 10 6 16 18 13
1498 14 3 17 5 13 2 10 1 20 16 8
1499 5 0 6 17 22 14 20 10 11 18 21
1500 8 16 5 14 1 19 3 0 17 13 22
1501 10 0 1 16 21 17 3 2 5 6 11
1502 6 5 13 22 14 8 3 16 0 11 21
1503 18 2 21 14 19 7 1 8 6 11 5
1504 7 2 1 17 11 6 8 5 18 14 0
1505 19 18 3 2 10 20 16 13 7 17 11
1506 16 3 13 0 7 19 10 2 14 20 8
1507 11 17 14 6 18 8 10 20 5 16 7
1508 18 5 20 11 14 0 3 2 10 16 6
1509 6 8 0 17 22 14 21 20 3 5 7
1510 3 21 20 14 1 16 6 17 8 7 0
1511 10 21 2 17 5 1 7 3 20 0 8
1512 22 2 5 6 3 14 0 7 16 8 1
1513 3 11 19 14 0 2 16 17 5 8 1
1514 8 20 14 11 7 6 16 3 13 19 17
1515 0 11 2 8 17 7 6 5 16
1516 8 19 17 6 20 7 21 3 2 18 22
1517 6 17 11 22 8 21 5 1 3 18 14
1518 2 11 21 8 3 5 22 19 1 17 20
1519 19 10 8 7 22 2 11 20 14 17 21
1520 6 2 16 8 5 3 21 17 0 20 14
1521 19 22 10 14 11 21 1 3 20 17 8
1522 1 10 5 7 0 16 19 22 21 8 3
1523 14 10 0 22 19 3 13 2 18 21 20
1524 20 8 1 18 17 2 10 13 3 16 0
1525 1 8 14 6 18 13 11 10 5 7 17
1526 16 10 17 1 13 0 22 14 19 6 3
1527 7 16 14 20 17 21 19 18 5 1 22
1528 1 16 0 18 13 20 14 10 5 22 8
1529 17 6 16 10 21 22 7 18 2 0 3
1530 20 6 1 18 11 22 0 21 16 2 8
1531 5 2 22 19 10 1 14 18 8 6 7
1532 7 5 8 11 13 3 10 18 16
1533 1 10 7 11 16 0 14 9 2
1534 11 5 19 16 2 22 3 13 18 20 21
1535 6 21 5 2 19 7 10 3 20 18 0
1536 22 19 20 17 0 10 6 5 21 13 2
1537 3 21 16 1 7 10 8 13 2 6 18
1538 2 10 16 14 13 18 1 5 7
1539 13 18 17 10 22 11 8 6 20 2 14
1540 17 6 5 13 2 1 3 0 8
1541 2 18 6 16 3 10 19 1 22 0 21
1542 2 5 3 18 19 20 22 8 17 14 21
1543 14 10 16 22 20 3 1 5 21 11 0
1544 20 1 7 5 21 13 14 6 18 19 16
1545 18 0 19 6 11 2 16 14 7 17 3
1546 11 10 22 1 16 5 19 20 2 3 6
1547 1 3 11 7 22 21 17 13 18 16 20
1548 1 11 7 16 14 13 21 2 17 6 20
1549 7 20 1 5 13 10 17 16 22 8 19 21
1550 18 1 10 3 16 7 6 21 22 17 19
1551 3 5 8 16 17 18 20 0 2 6 13
1552 1 5 7 2 6 16 13 20 21 22 17
1553 7 3 2 5 17 18 6 19 21 13 22
1554 0 1 14 19 16 13 3 18 22 5 2
1555 22 8 0 11 6 14 16 7 13 20 5
1556 2 21 1 16 5 17 13 18 10 8 22
1557 16 21 3 19 11 18 20 7 22 2 0
1558 8 13 2 6 17 1 5 7 21 19 14
1559 17 18 7 8 10 5 21 3 22 14 0
1560 10 2 16 5 7 8 6 17 11 3 20
1561 5 6 1 19 16 8 20 13 14 3 22
1562 14 18 22 16 1 10 11 5 7 3 8
1563 6 1 14 21 2 17 10 20 18 3 22
1564 14 0 7 10 18 16 2 13 3
1565 9 0 17 18 5 11 22 6 8 13 15 12
1566 10 20 1 18 2 22 14 8 21 6 7
1567 22 10 8 13 5 6 3 0 20 11 17
1568 14 13 1 17 19 5 16 7 22 6 10
1569 18 19 1 14 3 2 21 11 6 22 5
1570 22 20 6 17 19 7 0 11 10 13 8
1571 3 2 19 13 0 17 5 18 8
1572 5 13 19 17 2 3 10 14 20 21 11
1573 7 1 14 13 5 8 3 11 0 16 2
1574 5 0 20 10 13 11 19 6 2 14 8
1575 6 19 0 22 20 11 18 2 1 13 5
1576 20 3 16 10 19 11 1 18 13 5 8
1577 10 13 21 1 11 6 5 3 2 20 19
1578 2 0 7 5 3 1 8 20 19 18 16
1579 17 14 20 1 0 7 10 13 19 22 18
1580 6 16 14 10 13 7 22 1 5 3 11
1581 21 3 18 10 7 11 6 14 20 0 13
1582 3 2 20 0 7 17 11 19 21 10 5
1583 14 1 20 2 3 7 0 11 8 18 22
1584 19 22 10 14 5 2 1 21 0 16 11
1585 0 2 14 18 3 6 16 5 17
1586 10 7 17 14 0 3 5 21 2 19 6
1587 17 13 22 11 8 5 14 1 21 18 2
1588 3 21 6 1 19 16 7 2 14 13 18
1589 18 10 17 1 5 21 11 13 22 3 19
1590 8 7 0 6 22 16 10 2 18 20 19
1591 10 22 11 20 13 6 0 16 19 21 17
1592 18 0 14 3 6 13 7 10 16
1593 3 5 6 2 11 0 8 16 22 20 14
1594 13 10 0 8 17 21 18 20 11 2
1595 7 10 19 2 17 3 8 1 5
1596 6 13 2 10 14 16 11 0 1 20
1597 20 5 10 6 11 1 13 8 21 18 3
1598 1 18 16 21 5 14 20 7 0 6 13
1599 0 8 21 16 10 19 7 14 13 2 3
1600 1 2 3 14 8 7 17 16 18 19 22
1601 21 5 14 22 13 8 3 1 17 18 7
1602 1 2 20 0 14 5 10 22 3 18 8
1603 0 19 22 16 10 18 17 1 14 8 6
1604 20 7 10 17 13 1 22 3 21 6 19
1605 11 10 14 3 5 20 7 22 19 2 1
1606 21 10 8 1 20 16 7 5 18 14 3
1607 17 16 5 21 8 1 22 0 10 19 11
1608 7 13 17 21 14 18 16 20 5 3 6
1609 18 13 6 7 20 5 8 10 3 11
1610 17 21 13 3 5 1 2 8 6 18 0
1611 3 14 0 20 21 6 2 22 13 16 10
1612 3 22 7 13 2 8 20 18 1 21 6
1613 10 18 20 6 2 19 1 8 11 14 0
1614 10 22 3 14 21 7 5 6 20 17 11
1615 22 14 21 1 6 0 18 7 3 5 17
1616 2 10 7 5 1 0 8 19 22 9 12 16
1617 10 7 0 1 20 19 17 8 16 22 3
1618 19 0 3 22 17 2 16 20 7 8 14
1619 21 14 7 20 17 19 1 11 5 6 13
1620 6 18 21 14 8 11 19 10 1 22 5
1621 2 13 1 6 14 8 5 16 21 19 22
1622 17 13 7 6 8 3 16 21 18 0 11
1623 0 14 22 3 10 8 19 20 16 5 18
1624 3 0 19 10 22 8 7 6 5 21 17
1625 14 7 6 17 3 22 8 1 21 18 20
1626 16 2 10 6 11 7 13 19 17 1 0
1627 1 17 11 19 7 6 10 8 20 5 2
1628 21 6 13 18 16 22 14 19 10 20 2
1629 6 13 18 20 21 11 1 14 8 10 5
1630 1 2 20 22 21 16 11 9 0 3 13 8
1631 18 11 5 10 16 7 6 19 3 13 1
1632 0 7 19 21 1 2 20 6 11 3 13
1633 0 8 2 16 19 20 11 18 13 17 22
1634 14 16 20 21 22 13 1 6 19 17 0
1635 10 13 16 5 1 0 2 17 8
1636 5 0 11 20 22 3 19 18 7 10 14
1637 18 22 11 6 8 13 1 14 10 9 16 2
1638 13 18 22 6 1 8 2 11 0 10 19
1639 1 11 13 8 3 18 14 17 0 2 19
1640 14 3 8 17 13 22 6 2 11 21 18
1641 10 13 21 3 18 20 17 19 1 6 0
1642 7 8 17 0 20 6 11 22 21 14 5
1643 17 18 16 3 11 6 14 0 5 8 22
1644 0 11 3 17 8 1 13 10 16 18 7
1645 17 3 21 18 6 11 10 1 20 8 5
1646 14 18 17 13 5 16 3 20 19 2 6
1647 7 19 20 2 6 13 10 8 3 21 18
1648 16 17 0 10 11 19 2 14 3 21
1649 22 0 20 2 6 17 13 19 14 5 16
1650 2 14 19 7 13 1 0 3 21 10 5
1651 7 16 0 3 1 20 21 17 19 5
1652 13 0 2 6 14 7 8 17 18
1653 16 3 20 21 11 10 6 7 17 1 18
1654 5 6 22 20 3 13 7 1 18 8 14
1655 5 1 10 21 20 7 22 18 14 3 11
1656 16 14 6 1 8 2 17 5 10
1657 8 0 13 22 10 3 7 21 19 14 2
1658 10 6 21 22 20 8 17 18 11 3 2
1659 3 8 1 5 10 13 22 18 0 16 20
1660 6 20 3 19 7 0 13 14 11 10 1
1661 0 10 16 1 14 13 3 22 5 21 8
1662 11 7 14 13 20 5 8 17 0 3
1663 17 3 6 0 1 10 5 20 21 7 16
1664 9 10 3 21 11 2 7 5 17 16 22 13
1665 8 7 2 5 1 19 3 14 6 21 17
1666 6 21 20 17 1 8 11 13 22 7 10
1667 7 0 6 1 14 16 10 20 13 19 22
1668 7 5 8 22 20 11 13 0 19 17 10
1669 2 19 22 3 14 7 18 16 21 8 5
1670 3 0 10 7 2 14 13 8 20 5 21
1671 7 1 11 17 16 14 22 0 18 21 5
1672 21 19 14 6 11 16 13 18 17 22 2
1673 14 18 7 8 5 1 2 0 20 19 13
1674 20 22 21 18 17 14 6 0 11 8 3
1675 0 20 17 21 18 1 16 14 8 13 11
1676 13 22 17 6 11 2 3 19 20 10 1
1677 13 2 16 1 8 21 17 22 11 3 18
1678 3 1 8 21 14 7 0 16 13 19 11
1679 21 20 14 10 17 2 22 5 0 8 19
1680 0 19 5 2 16 8 6 1 17
1681 3 10 16 18 0 1 11 6 5 2 7
1682 22 18 8 0 7 13 3 2 1 5 16 17
1683 10 22 17 20 14 18 3 0 5 6 11
1684 2 22 0 1 10 17 20 16 13 8 6
1685 17 5 21 2 1 3 11 7 10 18 13
1686 14 17 19 6 7 16 13 8 22 10 11
1687 14 13 20 19 3 11 2 22 7 1 21
1688 17 0 1 18 19 22 13 11 10 16 21
1689 6 5 17 13 11 14 2 16 20 22 21
1690 21 22 0 7 5 1 3 11 19 20 8
1691 13 18 16 5 8 17 11 19 7 6 22
1692 6 18 16 14 3 5 0 22 17 13 21
1693 10 0 3 17 22 11 19 2 5 13 6
1694 22 5 6 16 18 13 11 7 0 10 21
1695 2 9 17 22 7 3 8 6 18 11 15 13
1696 19 17 3 7 1 16 14 2 20 5 10
1697 7 18 13 10 17 11 14 1 8
1698 18 1 21 22 16 11 3 5 14 19 13
1699 14 21 16 18 22 11 7 5 2 10 1
1700 5 0 20 17 16 7 11 14 2 1 18
1701 14 20 22 2 3 17 0 7 21 19 16
1702 6 14 2 1 20 11 16 10 7 3 17
1703 19 11 0 10 17 22 20 6 18 1 2
1704 6 8 1 11 16 3 17 13 5 15 14 19
1705 5 6 17 10 14 3 2 19 0 20 8
1706 8 3 11 6 22 19 7 17 16 20 14
1707 18 5 22 13 1 19 3 20 21 7 17
1708 0 22 11 16 5 2 13 19 18 10 8
1709 14 2 19 18 10 8 17 6 16 1 5
1710 21 5 0 16 2 7 10 1 18 11 22
1711 3 7 10 5 16 17 19 21 18 20 22
1712 3 16 11 14 19 5 10 9 17 21 8 0
1713 5 11 22 7 6 8 18 0 14 21 16
1714 19 16 2 10 1 13 17 5 22 14 6
1715 9 2 21 1 17 8 0 13 11 16 22 18
1716 13 18 16 22 20 21 19 7 6 11 3
1717 5 21 8 7 6 11 10 3 0 16 20
1718 15 3 16 9 12 20 7 17 0 8 11 18
1719 7 17 3 18 13 1 14 19 20 5 16
1720 5 6 1 10 20 0 2 11 14 13 7
1721 18 8 10 7 0 1 3 2 14 5 19
1722 14 5 6 9 19 15 11 1 0 18 7 12
1723 8 20 19 7 11 22 2 21 5 17 10
1724 18 11 21 17 16 20 8 6 14 10 22
1725 16 20 8 0 13 10 17 1 3 21 14
1726 6 5 19 2 14 22 0 7 11 3 8
1727 17 8 18 6 5 0 13 14 1
1728 8 16 1 20 2 22 19 17 13 18 6
1729 2 18 16 14 6 11 10 22 21 1 17
1730 14 22 19 11 7 0 3 5 21 18 10
1731 0 20 2 6 13 21 3 11 22 5 1
1732 11 8 19 2 7 13 10 21 14 18 17
1733 10 22 13 17 3 1 11 18 8 16 20
1734 3 13 7 17 5 0 8 16 18
1735 10 0 11 2 3 6 18 1 8
1736 1 20 8 10 11 3 21 7 2 13 5
1737 11 17 1 19 22 5 0 18 21 6 10
1738 16 8 10 5 14 1 21 7 19 13 0
1739 22 17 14 18 21 2 0 20 6 13 19
1740 13 6 7 22 21 19 1 18 14 3 10
1741 14 10 22 16 3 21 20 17 19 2 8
1742 14 11 10 16 5 20 1 17 19 22 0
1743 16 19 10 8 5 3 14 1 11 13 2
1744 16 22 1 2 7 18 14 11 0 6 21
1745 5 0 20 7 14 6 10 11 3 17 8
1746 10 20 5 1 3 22 21 17 6 14 2
1747 1 19 17 5 2 10 21 11 20 7 0
1748 13 6 10 3 2 5 14 7 0
1749 5 1 20 10 18 14 8 13 3 21 2
1750 13 14 21 7 20 6 1 16 17 8
1751 17 14 13 22 2 5 7 21 18 6 8
1752 18 10 1 6 8 16 19 2 3
1753 1 0 8 13 11 5 18 14 2 21 3
1754 21 5 13 10 8 1 18 17 22 19 6
1755 20 19 7 10 14 21 8 0 13 1 22
1756 13 10 3 7 11 19 20 16 1 22 5
1757 5 3 0 21 8 22 18 16 1 2 7
1758 3 19 0 21 8 1 20 22 14 6 10
1759 21 3 19 16 18 0 20 5 6 17
1760 1 10 8 0 3 2 13 5 11
1761 14 13 21 1 7 6 2 8 5 22 17
1762 22 14 20 1 19 7 8 18 13 17 2
1763 10 14 20 22 2 18 11 8 7 19 1
1764 1 5 2 14 10 6 13 20 8 7 3
1765 6 17 16 3 21 11 2 10 14 13 18
1766 16 21 6 22 10 2 19 13 3 11 20
1767 14 5 18 8 11 10 1 17 3
1768 19 16 0 2 17 22 10 5 7 14 1
1769 2 7 16 14 20 13 18 0 19 3 22
1770 8 7 13 21 19 18 0 3 20 1 2
1771 0 11 3 8 18 6 1 5 16
1772 14 11 20 2 21 6 10 22 1 18 5
1773 6 10 17 8 3 0 18 22 16 7 2
1774 1 17 10 16 18 5 6 11 21 13 20
1775 22 10 6 21 14 16 5 20 18 7 1
1776 2 20 10 11 14 13 18 5 3 16 17
1777 1 0 2 7 22 3 6 19 21 17 10
1778 10 1 3 19 13 16 18 20 0 8 11
1779 6 18 20 22 17 1 0 7 3 14 16
1780 5 17 18 3 20 8 2 21 11 1 16
1781 6 18 16 1 8 21 0 10 19 22 5
1782 17 7 0 20 22 14 10 11 2 6 18
1783 18 6 19 16 2 11 0 20 5 22 8
1784 6 11 14 5 16 20 1 21 0 19 10
1785 14 21 18 19 1 13 5 0 8 11 6
1786 6 20 3 22 11 19 8 0 21 13 10
1787 1 8 6 10 11 2 21 7 13 19 16
1788 19 22 2 14 18 17 11 21 20 1 8
1789 21 16 6 3 5 20 17 22 19 2 18
1790 19 22 3 13 20 18 2 0 17 1 21
1791 20 6 8 0 5 14 21 16 1 2 7
1792 1 20 10 6 13 17 0 16 5 14
1793 16 19 13 20 18 0 5 14 22 8 3
1794 10 11 18 22 8 20 14 17 21 6 2
1795 22 18 19 14 20 1 2 7 10 6 8
1796 5 22 8 6 14 2 10 17 13 7 18
1797 18 19 21 8 13 11 10 3 1 17 0
1798 22 18 16 19 14 21 10 3 2 0 7
1799 11 6 18 2 17 3 1 7 16
1800 22 16 7 21 8 3 17 20 13 10 19
1801 18 17 16 19 2 13 7 14 10 1 20
1802 21 8 13 2 16 19 5 14 11 20 6
1803 1 21 16 0 20 2 11 18 22 3 8
1804 11 5 20 8 0 19 18 16 3 2 21
1805 5 18 6 19 1 14 16 3 21 17 13
1806 3 19 16 7 22 0 8 17 21 2 14
1807 2 18 19 17 7 22 8 21 14 0 13
1808 17 10 14 11 8 7 2 1 5
1809 13 2 1 11 21 20 17 5 7 14
1810 21 13 10 3 8 20 11 7 19 17 2
1811 10 5 6 21 8 11 13 7 1 17 3
1812 7 2 22 17 18 3 16 6 21 10 5
1813 1 3 7 19 10 11 5 14 17
1814 10 8 7 5 16 11 14 19 3 21 17
1815 13 2 7 18 0 20 11 10 17 21 19
1816 22 1 21 5 20 11 19 13 7 3 6
1817 17 1 7 6 5 16 21 0 18 3 11
1818 20 2 8 11 7 0 1 18 22 6 21
1819 3 8 17 18 16 10 19 11 20 2 1
1820 5 7 3 17 6 14 20 19 10 11 8
1821 20 3 7 14 2 13 21 5 18 8 16
1822 11 3 20 0 21 8 2 1 22 19 7
1823 22 3 13 1 10 0 17 19 16 6 7
1824 18 14 17 6 2 10 16 11 22 3 21
1825 5 16 22 20 0 19 21 2 18 11 13
1826 16 6 20 17 18 5 11 2 21 22 8
1827 0 13 8 11 19 14 17 20 16 10 3
1828 6 20 5 3 8 18 2 19 0 11 1
1829 20 1 21 0 7 10 22 3 5 16 11
1830 3 13 8 1 5 18 10 2 6
1831 14 1 21 20 17 19 11 10 0 13 5
1832 6 13 22 10 21 19 20 1 8 14 0
1833 19 5 21 7 20 16 10 14 13 22 0
1834 18 3 11 21 13 10 17 6 2 14 16
1835 10 14 13 16 17 12 6 22 1 3 18 21
1836 7 20 3 14 22 5 11 6 8 2 18
1837 11 20 13 16 19 6 14 22 17 21 10
1838 7 20 21 11 3 18 10 2 1 22 5
1839 13 10 2 19 5 11 22 17 6 18 1
1840 13 18 6 10 20 8 1 17 22 21 5
1841 19 1 6 16 11 13 3 10 7
1842 20 14 8 6 13 16 0 2 19 5 17
1843 19 20 16 3 8 5 7 21 11 18 0
1844 20 18 3 11 17 2 6 5 1 14 19
1845 21 3 16 7 20 19 13 11 5 0 18
1846 11 2 8 17 18 16 6 7 10
1847 5 1 11 16 22 19 21 0 7 8 3
1848 18 0 8 16 6 14 11 3 7 17
1849 7 14 22 16 2 13 17 20 3 19 11
1850 13 3 0 1 14 10 8 11 22 6 16
1851 14 18 10 0 11 6 19 7 3 1 22
1852 20 2 5 1 22 17 7 16 3 10 18
1853 11 14 2 18 8 7 0 13 6 20 17
1854 16 1 10 8 11 14 6 13 0 5 21
1855 7 20 17 0 1 19 10 16 11 21
1856 11 10 1 14 3 8 0 21 22 16 18
1857 21 16 3 17 0 7 14 1 20 5 8
1858 10 14 0 11 7 8 2 21 5 19 1
1859 2 3 14 8 19 11 10 16 0 5
1860 20 16 5 10 0 19 2 22 21 8 17
1861 18 2 21 6 7 1 22 8 16 5 17
1862 10 14 13 1 6 18 21 16 22 20 11
1863 3 10 8 22 13 17 7 5 6 21 20
1864 18 14 10 11 5 0 13 17 7
1865 0 20 22 21 16 1 10 2 6 13 3
1866 2 21 18 1 8 0 6 19 5 11 13
1867 16 11 10 7 6 0 17 14 3 22 13
1868 18 8 1 16 2 0 19 6 7 21 5
1869 20 22 16 17 19 8 6 0 2 3 1
1870 0 5 7 13 21 2 22 17 8 3 19
1871 19 10 18 11 8 5 20 22 17 3 0
1872 11 10 20 8 7 17 14 13 3 0 19
1873 20 8 6 7 22 16 0 18 11 17 21
1874 7 8 16 0 10 11 1 19 5 18 14
1875 18 5 17 2 0 11 7 16 21 19 3
1876 5 10 20 7 6 16 0 17 18 11 8 13
1877 19 7 10 8 0 13 14 2 11 21 17
1878 7 16 22 5 19 6 0 14 18 10 21
1879 13 19 21 2 6 18 10 0 8 3 16
1880 3 10 5 17 14 18 22 1 7 8 6
1881 11 14 17 8 19 18 13 21 22 5 6
1882 16 0 11 6 20 10 14 22 21 7 8
1883 7 0 1 19 5 16 17 2 22 20 21
1884 1 10 14 19 2 3 8 21 0 6 7
1885 18 1 19 14 3 5 11 20 16 17 13
1886 14 1 8 20 19 10 0 7 16 21 18
1887 19 20 8 17 13 6 7 10 22 16 3
1888 6 19 5 11 2 3 7 8 10 18 1
1889 1 14 10 20 16 5 8 2 6 17 3
1890 5 13 8 16 14 20 1 0 7 10 18
1891 5 19 2 18 13 8 17 6 20 0 7
1892 8 11 2 18 1 3 20 19 7 16 10
1893 14 13 7 8 1 5 6 22 0 17 18
1894 21 17 18 6 5 16 1 13 20 3 2
1895 18 7 22 10 5 3 21 20 1 16 14
1896 2 11 19 18 21 5 1 14 0 13 17
1897 1 18 13 22 14 11 0 8 19 6 16
1898 18 16 0 22 21 8 10 6 5 2 20
1899 7 1 19 5 6 20 21 8 14 3 18
1900 10 16 2 13 7 14 6 19 1 20 22
1901 21 5 2 17 11 6 1 7 20 10 0
1902 20 1 18 11 2 19 22 8 6 3 7
1903 7 0 16 14 11 6 3 10 1 5 17
1904 10 0 14 20 17 13 6 18 16 11 5
1905 11 1 13 20 16 5 6 2 10 8 21
1906 14 1 19 2 10 21 0 3 13 22 7
1907 13 17 3 1 19 22 7 6 10 0 18
1908 18 3 10 19 16 21 17 7 2 13 1
1909 19 10 6 13 16 14 8 2 22 21 17
1910 17 16 8 1 13 18 5 20 6 19
1911 10 5 1 0 11 7 2 3 13
1912 18 3 10 16 0 2 13 12 11 14 9 22
1913 17 6 19 1 10 21 7 14 2 13 3
1914 16 10 21 19 3 18 6 8 2 13 7
1915 2 6 18 21 11 0 7 13 19 5 1
1916 16 22 11 5 18 10 19 0 8 20 3
1917 19 14 17 1 21 16 0 13 3 18 8
1918 21 22 11 1 13 18 20 14 3 10 2
1919 22 8 6 2 5 18 7 1 0 13 3
1920 1 5 8 3 11 17 19 10 0 6 7
1921 10 8 21 2 22 5 17 6 16 1 13
1922 21 6 2 19 13 14 10 1 11 20 16
1923 17 8 3 14 2 10 22 18 7 11 16
1924 21 20 17 6 3 19 2 8 16 10 1
1925 14 20 1 5 10 11 13 22 2 17 18
1926 1 17 2 16 11 18 14 19 6 5 0
1927 6 22 7 18 19 10 8 17 20 2 3
1928 1 17 0 21 14 2 6 19 5 8 10 18
1929 14 3 0 2 13 1 16 5 17 6 20
1930 7 11 6 18 8 10 5 19 1
1931 7 20 13 14 5 19 22 1 2 17 0
1932 7 21 2 3 8 18 16 11 5 10 19
1933 17 0 13 11 16 1 6 18 5
1934 1 18 5 13 3 21 11 17 7 6 20
1935 5 3 14 18 11 8 10 6 1
1936 0 1 8 3 18 16 17 21 6 7 2
1937 7 16 5 14 8 17 19 20 13 10 0
1938 11 8 14 18 21 17 22 1 6 5 20
1939 16 22 13 11 20 1 3 2 6 21 8
1940 10 22 17 8 11 18 13 20 2 1 7
1941 0 2 8 6 21 1 3 17 5 19
1942 13 18 10 0 16 11 19 2 3 21 8
1943 8 2 10 20 11 18 0 5 3 21 22
1944 8 1 10 0 21 2 14 13 20 17 11
1945 3 5 7 13 2 21 8 6 11 1 16
1946 3 14 13 10 0 5 6 2 1 20 21
1947 19 1 20 3 21 14 10 13 7 0 17
1948 18 13 2 0 17 6 16 10 7 1
1949 18 10 1 5 17 13 11 3 7 19 21
1950 14 5 10 11 17 0 18 21 22 20 1
1951 7 11 16 19 18 8 1 5 22 13 17
1952 8 6 0 21 18 3 7 17 16 13 20
1953 10 1 20 3 16 13 8 6 2 7 0
1954 18 22 13 19 6 14 3 5 2 20 8
1955 8 7 19 2 6 22 14 18 5 0 21
1956 7 16 5 19 14 10 18 8 22 3 2
1957 19 17 18 20 16 7 3 1 2 8 10
1958 5 8 17 6 21 3 22 1 2 10 20
1959 11 10 17 13 7 16 1 18 0
1960 22 8 0 6 13 17 1 3 21 18 10
1961 11 18 10 3 22 0 2 1 7 6 19
1962 11 17 1 6 8 10 5 16 21 13 14
1963 11 21 1 7 22 17 3 14 5 2 20
1964 11 22 19 18 20 7 14 21 16 17 13
1965 3 2 7 6 11 20 21 22 5 14 13
1966 21 2 18 20 22 0 10 5 13 11 14
1967 16 5 11 20 1 3 19 13 21 7 8
1968 21 16 5 1 22 3 14 19 20 11 10
1969 10 5 2 7 14 17 6 19 3
1970 19 0 16 13 2 5 1 7 22 18 6
1971 11 17 5 7 8 3 19 1 13 21 20
1972 11 6 18 0 2 16 10 13 3
1973 13 20 21 17 19 22 10 3 1 11 16
1974 11 1 8 16 6 7 19 5 14
1975 10 5 8 22 3 18 13 7 16 20 19
1976 10 14 2 21 11 20 18 19 22 8 7
1977 7 19 10 1 8 5 0 16 6 3 14
1978 16 8 5 7 3 17 20 6 19 18 21
1979 19 0 18 1 16 8 7 22 11 14 20
1980 2 19 1 8 11 5 14 17 6 0 18
1981 3 8 21 10 6 22 7 18 1 14 5
1982 1 22 6 21 10 0 13 14 2 5 19
1983 10 1 22 16 7 21 19 17 5 13 0
1984 0 13 11 14 5 22 21 10 3 17 8
1985 18 21 16 8 3 11 17 7 10 13 20
1986 8 14 10 0 5 7 20 13 17 11 22
1987 20 19 3 11 18 10 5 0 1 14 21
1988 7 1 11 5 17 18 16 8 21 3 0
1989 10 13 8 20 0 5 16 17 6 21 2
1990 2 5 1 17 14 10 18 0 3 7 6
1991 19 21 16 22 2 3 17 13 5 20 10
1992 0 22 13 17 7 18 19 14 1 8 20
1993 18 10 11 6 13 5 17 7 0 21 1
1994 17 16 1 11 6 2 14 10 18 3 21
1995 1 8 0 20 16 13 11 2 14 5 7
1996 19 0 8 13 5 3 17 14 10 20 18
1997 22 10 11 5 8 17 18 21 14 0 13
1998 11 5 21 10 13 19 22 2 1 8 3
1999 21 17 7 14 20 3 18 16 5 0 19
2000 1 14 10 22 16 0 20 13 19 2 8
2001 18 8 1 21 7 5 2 0 22 19 11
2002 0 3 13 6 5 7 18 16 17
2003 6 17 1 8 18 20 3 19 22 11 2
2004 14 8 2 22 16 19 6 10 17 3 1
2005 8 2 6 22 11 3 1 18 14 17 19
2006 20 21 13 0 19 8 16 1 11 5 2
2007 2 21 10 13 11 14 6 18 0 19 5
2008 3 17 2 7 8 6 13 20 11 14 16
2009 20 22 13 5 18 17 8 0 6 21 1
2010 0 10 16 13 8 17 3 19 18 11 14
2011 0 6 8 17 13 21 14 22 10 11 5
2012 13 5 17 14 18 22 19 0 21 1 20
2013 1 20 17 8 13 18 21 7 2 0 5
2014 22 16 3 18 0 14 11 20 6 17 19
2015 11 5 3 2 18 16 14 6 22 21 0
2016 20 22 18 0 11 2 10 19 8 3 13
2017 7 17 5 21 8 0 6 22 19 2 14
2018 19 3 22 6 2 1 17 5 13 10 21
2019 6 17 8 16 2 5 3 14 18 19 13
2020 3 5 6 11 21 14 16 18 8 0 20
2021 1 17 2 21 20 18 0 14 8 6 11
2022 22 5 11 17 18 6 16 19 0 20 10
2023 1 19 18 8 6 17 0 10 22 14 21
2024 22 5 1 17 0 6 3 18 10 11 19
2025 1 6 5 8 10 14 13 22 18 2 11
2026 10 18 0 2 20 17 14 8 5 19 13
2027 11 5 14 6 3 8 17 21 18 7 16
2028 3 18 8 20 13 6 0 5 17 14 1
2029 11 0 7 19 3 2 6 8 21 20 18
2030 6 2 10 3 1 20 19 18 16 0 13
2031 10 1 11 18 16 21 2 6 13 5 22
2032 11 0 13 3 19 16 5 2 14 6 22
2033 19 13 18 1 11 21 14 6 10 7 16
2034 22 6 11 3 5 20 2 1 10 7 13
2035 6 16 0 22 10 20 3 19 13 14 7
2036 21 18 6 8 10 11 0 3 20 7 1
2037 3 2 8 17 14 11 0 21 1 5 22
2038 16 14 22 6 8 0 13 11 5 20 1
2039 20 17 7 22 10 2 8 11 5 19 18
2040 5 8 10 2 20 16 19 6 1 0 14
2041 18 1 13 17 2 19 7 0 16
2042 16 19 18 6 13 3 20 5 22 2 17
2043 8 21 17 6 2 13 14 3 18 20 0
2044 11 14 7 18 21 2 20 13 17 6
2045 19 17 18 1 3 0 8 11 13 6 16
2046 21 20 1 16 3 5 6 10 8 0 14
2047 21 10 20 19 2 22 1 16 5 6 18
2048 3 2 21 16 0 20 10 6 11 8 1
2049 7 13 10 18 6 17 5 11 0 21 20
2050 14 17 1 21 7 13 10 5 8 6 11
2051 1 11 14 19 2 18 5 0 21 6
2052 14 13 7 1 17 21 5 18 20 19 6
2053 11 20 22 18 14 2 5 13 6 17 16
2054 20 17 8 6 1 7 14 5 13 22 18
2055 7 16 5 13 3 0 8 14 2
2056 10 21 7 19 22 13 14 1 16 0 6
2057 2 13 20 11 5 22 7 16 17 3 1
2058 11 19 1 21 18 10 7 0 16 6 22
2059 17 1 7 13 6 3 0 2 10
2060 8 10 14 5 13 11 1 17 7
2061 13 20 5 18 11 0 7 10 17 19 14
2062 17 3 19 1 5 8 11 6 13 7 0
2063 8 20 19 14 6 3 10 17 21 0 5
2064 11 7 18 14 6 5 13 21 22 19 0
2065 7 11 21 5 1 17 22 14 10 18 16
2066 11 21 17 19 16 18 14 22 7 20 8
2067 18 17 13 20 11 14 1 8 5 2 0
2068 6 2 19 13 5 18 20 8 1 14 11
2069 16 14 10 0 18 8 17 6 1 11 21
2070 14 1 3 19 6 0 21 17 22 13 18
2071 0 11 10 17 1 2 3 14 21 18 5
2072 18 5 3 13 0 6 21 17 16 1
2073 2 14 0 19 22 17 18 21 6 1 3
2074 7 1 2 22 17 10 18 11 19 0 8
2075 8 18 22 11 6 21 16 5 3 20 0
2076 14 13 21 1 8 10 18 5 22 7 3
2077 20 1 11 19 3 16 13 7 5 14 21
2078 19 8 1 11 6 18 10 2 5 13 17
2079 19 7 5 16 20 13 1 10 3 21 18
2080 2 20 3 7 17 18 1 5 22 0 16
2081 16 2 6 18 8 11 17 21 0 13 7
2082 14 3 8 7 10 19 1 2 20 13 18
2083 6 3 14 17 20 0 8 16 7 5
2084 19 14 3 11 10 17 0 1 5 7 21
2085 1 7 10 21 0 6 17 8 19 20
2086 21 7 19 2 11 5 14 3 18 16 20
2087 21 22 11 5 10 20 14 1 8 2 18
2088 16 19 18 14 13 21 2 0 6 8 5
2089 16 3 18 0 2 6 13 5 8 10 1
2090 10 21 3 14 6 20 17 16 13 7 19
2091 10 2 1 6 0 8 14 16 3
2092 13 17 10 14 1 7 3 5 18 0
2093 6 1 2 14 21 22 8 17 20 0 16
2094 2 10 7 20 14 11 13 3 6 19 0
2095 17 10 3 16 8 1 11 6 5 14
2096 21 5 13 20 6 0 1 14 17 18 16
2097 13 0 18 14 8 11 16 19 22 5 21
2098 7 6 14 20 3 8 10 17 2 21 13
2099 18 1 6 20 13 10 8 16 2 14 3
2100 1 14 17 8 2 21 22 19 18 13 0
2101 17 11 18 3 22 19 10 20 14 6 1
2102 6 1 20 18 2 14 13 19 8 3
2103 19 14 8 11 0 7 21 10 16 13 20
2104 0 10 1 13 22 17 14 8 16 5 11
2105 2 19 6 8 20 14 5 13 11 7 21
2106 8 6 18 13 21 3 20 1 10 19 2
2107 3 22 7 8 5 17 13 1 11 10 16
2108 20 10 17 3 18 19 2 21 14 5 8
2109 20 8 0 5 17 14 3 7 6 16 18
2110 21 7 17 11 19 3 1 10 20 22 18
2111 21 5 9 20 8 2 6 10 13 14 16 3
2112 1 11 3 14 5 0 8 18 2
2113 2 10 1 18 3 0 5 19 20 16 13
2114 3 11 10 18 8 20 13 1 22 14 21
2115 7 0 17 6 18 10 20 8 14 11 13
2116 13 2 5 17 0 14 11 3 22 8 7
2117 5 14 10 13 20 0 21 22 7 11 12 9
2118 17 5 22 6 0 13 19 10 14 2 18
